torch.Size([120000, 1, 1, 28, 28])
1200
Epoch
0
Epoch time
887.6559412479401
Epoch 0, Loss 1.296841148932775
Epoch 0
Selections count 0
Selections(Epoch, batch)
[(0, 0), (0, 967), (0, 952), (0, 3), (0, 4), (0, 5), (0, 6), (0, 7), (0, 968), (0, 9), (0, 10), (0, 954), (0, 12), (0, 13), (0, 14), (0, 15), (0, 16), (0, 17), (0, 18), (0, 19), (0, 20), (0, 21), (0, 22), (0, 23), (0, 24), (0, 25), (0, 26), (0, 27), (0, 28), (0, 29), (0, 30), (0, 31), (0, 32), (0, 33), (0, 34), (0, 35), (0, 36), (0, 37), (0, 38), (0, 39), (0, 40), (0, 41), (0, 951), (0, 43), (0, 44), (0, 45), (0, 46), (0, 47), (0, 48), (0, 49), (0, 50), (0, 51), (0, 52), (0, 53), (0, 54), (0, 55), (0, 56), (0, 57), (0, 58), (0, 59), (0, 60), (0, 61), (0, 62), (0, 63), (0, 64), (0, 65), (0, 66), (0, 67), (0, 947), (0, 69), (0, 70), (0, 71), (0, 72), (0, 73), (0, 74), (0, 75), (0, 76), (0, 77), (0, 78), (0, 79), (0, 80), (0, 81), (0, 82), (0, 83), (0, 84), (0, 85), (0, 86), (0, 87), (0, 88), (0, 89), (0, 90), (0, 91), (0, 92), (0, 93), (0, 94), (0, 95), (0, 96), (0, 97), (0, 98), (0, 99), (0, 100), (0, 101), (0, 102), (0, 103), (0, 104), (0, 105), (0, 106), (0, 107), (0, 108), (0, 109), (0, 110), (0, 111), (0, 112), (0, 113), (0, 114), (0, 115), (0, 116), (0, 117), (0, 949), (0, 119), (0, 120), (0, 121), (0, 122), (0, 123), (0, 124), (0, 125), (0, 941), (0, 127), (0, 128), (0, 129), (0, 130), (0, 131), (0, 132), (0, 133), (0, 134), (0, 135), (0, 136), (0, 137), (0, 138), (0, 139), (0, 140), (0, 141), (0, 142), (0, 143), (0, 950), (0, 964), (0, 146), (0, 147), (0, 148), (0, 149), (0, 150), (0, 151), (0, 152), (0, 945), (0, 154), (0, 155), (0, 156), (0, 157), (0, 158), (0, 159), (0, 160), (0, 161), (0, 162), (0, 163), (0, 164), (0, 165), (0, 166), (0, 938), (0, 168), (0, 169), (0, 170), (0, 171), (0, 172), (0, 173), (0, 174), (0, 175), (0, 176), (0, 177), (0, 178), (0, 179), (0, 180), (0, 181), (0, 182), (0, 962), (0, 184), (0, 185), (0, 186), (0, 187), (0, 937), (0, 189), (0, 190), (0, 191), (0, 192), (0, 193), (0, 194), (0, 195), (0, 196), (0, 197), (0, 198), (0, 199), (0, 200), (0, 201), (0, 202), (0, 203), (0, 204), (0, 205), (0, 206), (0, 207), (0, 208), (0, 209), (0, 210), (0, 211), (0, 212), (0, 213), (0, 214), (0, 215), (0, 216), (0, 217), (0, 218), (0, 219), (0, 220), (0, 221), (0, 222), (0, 223), (0, 224), (0, 934), (0, 226), (0, 227), (0, 228), (0, 229), (0, 230), (0, 231), (0, 948), (0, 233), (0, 234), (0, 235), (0, 236), (0, 944), (0, 238), (0, 239), (0, 240), (0, 241), (0, 242), (0, 243), (0, 244), (0, 933), (0, 246), (0, 247), (0, 248), (0, 249), (0, 250), (0, 251), (0, 252), (0, 253), (0, 254), (0, 255), (0, 931), (0, 257), (0, 258), (0, 259), (0, 260), (0, 261), (0, 262), (0, 263), (0, 264), (0, 265), (0, 266), (0, 267), (0, 268), (0, 269), (0, 270), (0, 271), (0, 272), (0, 273), (0, 274), (0, 275), (0, 276), (0, 277), (0, 278), (0, 279), (0, 932), (0, 281), (0, 282), (0, 283), (0, 284), (0, 285), (0, 286), (0, 287), (0, 288), (0, 289), (0, 290), (0, 291), (0, 292), (0, 293), (0, 294), (0, 295), (0, 296), (0, 297), (0, 298), (0, 299), (0, 300), (0, 301), (0, 302), (0, 303), (0, 304), (0, 930), (0, 306), (0, 307), (0, 308), (0, 309), (0, 310), (0, 311), (0, 312), (0, 313), (0, 314), (0, 315), (0, 316), (0, 317), (0, 318), (0, 319), (0, 320), (0, 321), (0, 322), (0, 323), (0, 324), (0, 325), (0, 965), (0, 327), (0, 328), (0, 926), (0, 330), (0, 331), (0, 332), (0, 925), (0, 334), (0, 335), (0, 921), (0, 337), (0, 924), (0, 339), (0, 340), (0, 341), (0, 342), (0, 343), (0, 344), (0, 345), (0, 346), (0, 347), (0, 348), (0, 349), (0, 350), (0, 351), (0, 920), (0, 353), (0, 354), (0, 355), (0, 356), (0, 357), (0, 358), (0, 359), (0, 360), (0, 908), (0, 362), (0, 363), (0, 364), (0, 909), (0, 366), (0, 367), (0, 895), (0, 369), (0, 370), (0, 371), (0, 912), (0, 936), (0, 374), (0, 375), (0, 376), (0, 377), (0, 378), (0, 379), (0, 380), (0, 381), (0, 382), (0, 893), (0, 887), (0, 884), (0, 386), (0, 387), (0, 388), (0, 389), (0, 390), (0, 391), (0, 392), (0, 393), (0, 394), (0, 395), (0, 396), (0, 397), (0, 398), (0, 399), (0, 400), (0, 907), (0, 402), (0, 403), (0, 404), (0, 878), (0, 406), (0, 407), (0, 873), (0, 409), (0, 923), (0, 411), (0, 885), (0, 413), (0, 414), (0, 415), (0, 416), (0, 417), (0, 418), (0, 419), (0, 420), (0, 421), (0, 877), (0, 423), (0, 424), (0, 425), (0, 426), (0, 427), (0, 428), (0, 429), (0, 890), (0, 431), (0, 432), (0, 872), (0, 874), (0, 435), (0, 436), (0, 876), (0, 871), (0, 439), (0, 440), (0, 441), (0, 870), (0, 969), (0, 444), (0, 445), (0, 446), (0, 447), (0, 857), (0, 449), (0, 450), (0, 451), (0, 452), (0, 453), (0, 454), (0, 848), (0, 852), (0, 846), (0, 844), (0, 459), (0, 460), (0, 833), (0, 462), (0, 463), (0, 464), (0, 465), (0, 841), (0, 467), (0, 468), (0, 469), (0, 840), (0, 897), (0, 472), (0, 473), (0, 474), (0, 839), (0, 960), (0, 834), (0, 829), (0, 479), (0, 480), (0, 481), (0, 482), (0, 483), (0, 484), (0, 485), (0, 825), (0, 487), (0, 488), (0, 832), (0, 824), (0, 491), (0, 492), (0, 493), (0, 816), (0, 495), (0, 879), (0, 809), (0, 811), (0, 869), (0, 500), (0, 866), (0, 502), (0, 503), (0, 915), (0, 899), (0, 813), (0, 507), (0, 508), (0, 509), (0, 510), (0, 511), (0, 512), (0, 812), (0, 514), (0, 515), (0, 516), (0, 765), (0, 918), (0, 858), (0, 804), (0, 521), (0, 522), (0, 523), (0, 524), (0, 861), (0, 526), (0, 527), (0, 528), (0, 529), (0, 906), (0, 788), (0, 799), (0, 792), (0, 798), (0, 793), (0, 536), (0, 820), (0, 782), (0, 539), (0, 780), (0, 797), (0, 956), (0, 822), (0, 544), (0, 545), (0, 546), (0, 828), (0, 548), (0, 549), (0, 855), (0, 773), (0, 935), (0, 553), (0, 794), (0, 555), (0, 556), (0, 557), (0, 851), (0, 778), (0, 560), (0, 789), (0, 781), (0, 917), (0, 779), (0, 565), (0, 566), (0, 567), (0, 772), (0, 803), (0, 771), (0, 769), (0, 572), (0, 573), (0, 574), (0, 575), (0, 576), (0, 577), (0, 753), (0, 865), (0, 580), (0, 763), (0, 582), (0, 583), (0, 584), (0, 585), (0, 586), (0, 845), (0, 588), (0, 589), (0, 590), (0, 591), (0, 592), (0, 593), (0, 929), (0, 904), (0, 801), (0, 597), (0, 759), (0, 599), (0, 600), (0, 601), (0, 602), (0, 603), (0, 823), (0, 764), (0, 758), (0, 607), (0, 608), (0, 609), (0, 610), (0, 611), (0, 612), (0, 613), (0, 614), (0, 615), (0, 770), (0, 617), (0, 757), (0, 619), (0, 620), (0, 621), (0, 622), (0, 623), (0, 808), (0, 625), (0, 626), (0, 627), (0, 628), (0, 629), (0, 946), (0, 631), (0, 632), (0, 633), (0, 881), (0, 635), (0, 636), (0, 637), (0, 752), (0, 639), (0, 796), (0, 786), (0, 642), (0, 961), (0, 644), (0, 645), (0, 646), (0, 647), (0, 648), (0, 649), (0, 650), (0, 751), (0, 652), (0, 749), (0, 654), (0, 745), (0, 744), (0, 747), (0, 658), (0, 743), (0, 660), (0, 868), (0, 662), (0, 663), (0, 664), (0, 665), (0, 666), (0, 667), (0, 668), (0, 669), (0, 748), (0, 819), (0, 894), (0, 673), (0, 674), (0, 675), (0, 676), (0, 677), (0, 678), (0, 746), (0, 955), (0, 681), (0, 682), (0, 683), (0, 684), (0, 738), (0, 864), (0, 687), (0, 688), (0, 689), (0, 740), (0, 691), (0, 731), (0, 693), (0, 900), (0, 843), (0, 696), (0, 697), (0, 698), (0, 699), (0, 700), (0, 785), (0, 756), (0, 831), (0, 704), (0, 705), (0, 706), (0, 707), (0, 807), (0, 726), (0, 724), (0, 723), (0, 722), (0, 713), (0, 714), (0, 721), (0, 720), (0, 717), (0, 718), (0, 734)]
Residuals
[1.5334212277130973e-15]
0
[0, 967, 952, 3, 4, 5, 6, 7, 968, 9, 10, 954, 12, 13, 14, 15, 16, 17, 18, 19, 20, 21, 22, 23, 24, 25, 26, 27, 28, 29, 30, 31, 32, 33, 34, 35, 36, 37, 38, 39, 40, 41, 951, 43, 44, 45, 46, 47, 48, 49, 50, 51, 52, 53, 54, 55, 56, 57, 58, 59, 60, 61, 62, 63, 64, 65, 66, 67, 947, 69, 70, 71, 72, 73, 74, 75, 76, 77, 78, 79, 80, 81, 82, 83, 84, 85, 86, 87, 88, 89, 90, 91, 92, 93, 94, 95, 96, 97, 98, 99, 100, 101, 102, 103, 104, 105, 106, 107, 108, 109, 110, 111, 112, 113, 114, 115, 116, 117, 949, 119, 120, 121, 122, 123, 124, 125, 941, 127, 128, 129, 130, 131, 132, 133, 134, 135, 136, 137, 138, 139, 140, 141, 142, 143, 950, 964, 146, 147, 148, 149, 150, 151, 152, 945, 154, 155, 156, 157, 158, 159, 160, 161, 162, 163, 164, 165, 166, 938, 168, 169, 170, 171, 172, 173, 174, 175, 176, 177, 178, 179, 180, 181, 182, 962, 184, 185, 186, 187, 937, 189, 190, 191, 192, 193, 194, 195, 196, 197, 198, 199, 200, 201, 202, 203, 204, 205, 206, 207, 208, 209, 210, 211, 212, 213, 214, 215, 216, 217, 218, 219, 220, 221, 222, 223, 224, 934, 226, 227, 228, 229, 230, 231, 948, 233, 234, 235, 236, 944, 238, 239, 240, 241, 242, 243, 244, 933, 246, 247, 248, 249, 250, 251, 252, 253, 254, 255, 931, 257, 258, 259, 260, 261, 262, 263, 264, 265, 266, 267, 268, 269, 270, 271, 272, 273, 274, 275, 276, 277, 278, 279, 932, 281, 282, 283, 284, 285, 286, 287, 288, 289, 290, 291, 292, 293, 294, 295, 296, 297, 298, 299, 300, 301, 302, 303, 304, 930, 306, 307, 308, 309, 310, 311, 312, 313, 314, 315, 316, 317, 318, 319, 320, 321, 322, 323, 324, 325, 965, 327, 328, 926, 330, 331, 332, 925, 334, 335, 921, 337, 924, 339, 340, 341, 342, 343, 344, 345, 346, 347, 348, 349, 350, 351, 920, 353, 354, 355, 356, 357, 358, 359, 360, 908, 362, 363, 364, 909, 366, 367, 895, 369, 370, 371, 912, 936, 374, 375, 376, 377, 378, 379, 380, 381, 382, 893, 887, 884, 386, 387, 388, 389, 390, 391, 392, 393, 394, 395, 396, 397, 398, 399, 400, 907, 402, 403, 404, 878, 406, 407, 873, 409, 923, 411, 885, 413, 414, 415, 416, 417, 418, 419, 420, 421, 877, 423, 424, 425, 426, 427, 428, 429, 890, 431, 432, 872, 874, 435, 436, 876, 871, 439, 440, 441, 870, 969, 444, 445, 446, 447, 857, 449, 450, 451, 452, 453, 454, 848, 852, 846, 844, 459, 460, 833, 462, 463, 464, 465, 841, 467, 468, 469, 840, 897, 472, 473, 474, 839, 960, 834, 829, 479, 480, 481, 482, 483, 484, 485, 825, 487, 488, 832, 824, 491, 492, 493, 816, 495, 879, 809, 811, 869, 500, 866, 502, 503, 915, 899, 813, 507, 508, 509, 510, 511, 512, 812, 514, 515, 516, 765, 918, 858, 804, 521, 522, 523, 524, 861, 526, 527, 528, 529, 906, 788, 799, 792, 798, 793, 536, 820, 782, 539, 780, 797, 956, 822, 544, 545, 546, 828, 548, 549, 855, 773, 935, 553, 794, 555, 556, 557, 851, 778, 560, 789, 781, 917, 779, 565, 566, 567, 772, 803, 771, 769, 572, 573, 574, 575, 576, 577, 753, 865, 580, 763, 582, 583, 584, 585, 586, 845, 588, 589, 590, 591, 592, 593, 929, 904, 801, 597, 759, 599, 600, 601, 602, 603, 823, 764, 758, 607, 608, 609, 610, 611, 612, 613, 614, 615, 770, 617, 757, 619, 620, 621, 622, 623, 808, 625, 626, 627, 628, 629, 946, 631, 632, 633, 881, 635, 636, 637, 752, 639, 796, 786, 642, 961, 644, 645, 646, 647, 648, 649, 650, 751, 652, 749, 654, 745, 744, 747, 658, 743, 660, 868, 662, 663, 664, 665, 666, 667, 668, 669, 748, 819, 894, 673, 674, 675, 676, 677, 678, 746, 955, 681, 682, 683, 684, 738, 864, 687, 688, 689, 740, 691, 731, 693, 900, 843, 696, 697, 698, 699, 700, 785, 756, 831, 704, 705, 706, 707, 807, 726, 724, 723, 722, 713, 714, 721, 720, 717, 718, 734]
Epoch
1
Epoch time
9.445883750915527
Epoch 1, Loss 0.6715817295139035
Epoch
2
Epoch time
9.284540891647339
Epoch 2, Loss 0.5369356522212426
Epoch
3
Epoch time
9.291007280349731
Epoch 3, Loss 0.46349676010509333
Epoch
4
Epoch time
9.27319860458374
Epoch 4, Loss 0.4173101102001965
Epoch
5
Epoch time
9.292730331420898
Epoch 5, Loss 0.3771615263571342
Epoch
6
Epoch time
9.248965501785278
Epoch 6, Loss 0.3471056464438637
Epoch
7
Epoch time
9.254790306091309
Epoch 7, Loss 0.3226816062598179
Epoch
8
Epoch time
9.309567213058472
Epoch 8, Loss 0.29723626899532973
Epoch
9
Epoch time
9.244080305099487
Epoch 9, Loss 0.28386914506865046
Epoch
10
Epoch time
9.270122766494751
Epoch 10, Loss 0.25936451812895633
Epoch
11
Epoch time
9.281397342681885
Epoch 11, Loss 0.23960720303157965
Epoch
12
Epoch time
9.274546146392822
Epoch 12, Loss 0.2318083159563442
Epoch
13
Epoch time
9.308448314666748
Epoch 13, Loss 0.2190727836312726
Epoch
14
Epoch time
9.330760717391968
Epoch 14, Loss 0.2102218319615349
Epoch
15
Epoch time
9.295430660247803
Epoch 15, Loss 0.19612033065098028
Epoch
16
Epoch time
9.242426633834839
Epoch 16, Loss 0.18832051151199267
Epoch
17
Epoch time
9.267794370651245
Epoch 17, Loss 0.1791032438259572
Epoch
18
Epoch time
9.251365423202515
Epoch 18, Loss 0.1690430677573507
Epoch
19
Epoch time
9.279634952545166
Epoch 19, Loss 0.16631586557719857
Epoch
20
Epoch time
902.0668320655823
Epoch 20, Loss 0.15915267597107838
Epoch 20
Selections count 720
Selections(Epoch, batch)
[(20, 0), (20, 448), (20, 412), (20, 3), (20, 4), (20, 5), (20, 6), (20, 7), (20, 968), (20, 9), (20, 10), (20, 954), (20, 12), (20, 430), (20, 455), (20, 433), (20, 443), (20, 17), (20, 18), (20, 19), (20, 20), (20, 21), (20, 22), (20, 23), (20, 24), (20, 25), (20, 26), (20, 27), (20, 28), (20, 29), (20, 30), (20, 31), (20, 32), (20, 33), (20, 34), (20, 35), (20, 36), (20, 37), (20, 38), (20, 39), (20, 40), (20, 41), (20, 951), (20, 43), (20, 44), (20, 45), (20, 46), (20, 47), (20, 48), (20, 49), (20, 50), (20, 51), (20, 52), (20, 53), (20, 54), (20, 55), (20, 56), (20, 57), (20, 58), (20, 59), (20, 60), (20, 61), (20, 62), (20, 63), (20, 64), (20, 65), (20, 66), (20, 67), (20, 947), (20, 69), (20, 70), (20, 71), (20, 72), (20, 73), (20, 74), (20, 75), (20, 76), (20, 77), (20, 78), (20, 79), (20, 80), (20, 81), (20, 82), (20, 83), (20, 84), (20, 85), (20, 86), (20, 87), (20, 88), (20, 89), (20, 90), (20, 91), (20, 92), (20, 93), (20, 94), (20, 95), (20, 96), (20, 97), (20, 98), (20, 99), (20, 100), (20, 101), (20, 102), (20, 103), (20, 104), (20, 105), (20, 106), (20, 107), (20, 108), (20, 109), (20, 110), (20, 111), (20, 112), (20, 113), (20, 114), (20, 115), (20, 116), (20, 117), (20, 949), (20, 119), (20, 120), (20, 121), (20, 122), (20, 123), (20, 124), (20, 125), (20, 941), (20, 127), (20, 128), (20, 129), (20, 130), (20, 131), (20, 132), (20, 133), (20, 134), (20, 135), (20, 136), (20, 137), (20, 138), (20, 139), (20, 140), (20, 141), (20, 142), (20, 143), (20, 950), (20, 964), (20, 146), (20, 147), (20, 148), (20, 149), (20, 150), (20, 151), (20, 152), (20, 945), (20, 154), (20, 155), (20, 156), (20, 157), (20, 158), (20, 159), (20, 160), (20, 161), (20, 162), (20, 163), (20, 164), (20, 165), (20, 166), (20, 938), (20, 168), (20, 169), (20, 170), (20, 171), (20, 172), (20, 173), (20, 174), (20, 175), (20, 176), (20, 177), (20, 178), (20, 179), (20, 180), (20, 181), (20, 182), (20, 962), (20, 184), (20, 185), (20, 186), (20, 187), (20, 937), (20, 189), (20, 190), (20, 191), (20, 192), (20, 193), (20, 194), (20, 195), (20, 196), (20, 197), (20, 198), (20, 199), (20, 200), (20, 201), (20, 202), (20, 203), (20, 204), (20, 205), (20, 206), (20, 207), (20, 208), (20, 209), (20, 210), (20, 211), (20, 212), (20, 213), (20, 214), (20, 215), (20, 216), (20, 217), (20, 218), (20, 219), (20, 220), (20, 221), (20, 222), (20, 223), (20, 224), (20, 934), (20, 226), (20, 227), (20, 228), (20, 229), (20, 230), (20, 231), (20, 948), (20, 233), (20, 234), (20, 235), (20, 236), (20, 944), (20, 238), (20, 239), (20, 240), (20, 241), (20, 242), (20, 243), (20, 244), (20, 933), (20, 246), (20, 247), (20, 248), (20, 249), (20, 250), (20, 251), (20, 252), (20, 253), (20, 254), (20, 255), (20, 931), (20, 257), (20, 258), (20, 259), (20, 260), (20, 261), (20, 262), (20, 263), (20, 264), (20, 265), (20, 266), (20, 267), (20, 268), (20, 269), (20, 270), (20, 271), (20, 272), (20, 273), (20, 274), (20, 275), (20, 276), (20, 277), (20, 278), (20, 279), (20, 145), (20, 281), (20, 282), (20, 283), (20, 284), (20, 285), (20, 286), (20, 287), (20, 288), (20, 289), (20, 290), (20, 291), (20, 292), (20, 293), (20, 294), (20, 295), (20, 296), (20, 297), (20, 298), (20, 299), (20, 300), (20, 301), (20, 302), (20, 303), (20, 304), (20, 930), (20, 306), (20, 307), (20, 308), (20, 309), (20, 310), (20, 311), (20, 312), (20, 313), (20, 314), (20, 315), (20, 316), (20, 317), (20, 318), (20, 319), (20, 320), (20, 321), (20, 322), (20, 323), (20, 324), (20, 325), (20, 965), (20, 327), (20, 328), (20, 926), (20, 330), (20, 331), (20, 332), (20, 925), (20, 334), (20, 335), (20, 921), (20, 337), (20, 924), (20, 339), (20, 340), (20, 341), (20, 342), (20, 343), (20, 344), (20, 345), (20, 346), (20, 347), (20, 348), (20, 349), (20, 350), (20, 351), (20, 920), (20, 353), (20, 354), (20, 355), (20, 356), (20, 357), (20, 358), (20, 359), (20, 360), (20, 908), (20, 362), (20, 363), (20, 364), (20, 909), (20, 366), (20, 367), (20, 895), (20, 369), (20, 370), (20, 371), (20, 912), (20, 936), (20, 374), (20, 375), (20, 376), (20, 377), (20, 378), (20, 379), (20, 380), (20, 381), (20, 382), (20, 893), (20, 887), (20, 118), (20, 329), (20, 387), (20, 388), (20, 389), (20, 390), (20, 391), (20, 392), (20, 393), (20, 394), (20, 395), (20, 396), (20, 397), (20, 398), (20, 399), (20, 400), (20, 907), (20, 402), (20, 403), (20, 404), (20, 878), (20, 406), (20, 407), (20, 873), (20, 409), (20, 923), (20, 411), (20, 885), (20, 413), (20, 414), (20, 415), (20, 416), (20, 417), (20, 11), (20, 419), (20, 420), (20, 421), (20, 877), (20, 423), (20, 424), (20, 425), (20, 426), (20, 427), (20, 428), (20, 429), (20, 890), (20, 431), (20, 432), (20, 872), (20, 874), (20, 435), (20, 436), (20, 876), (20, 871), (20, 439), (20, 440), (20, 237), (20, 870), (20, 969), (20, 444), (20, 445), (20, 446), (20, 447), (20, 857), (20, 449), (20, 450), (20, 451), (20, 452), (20, 453), (20, 454), (20, 848), (20, 852), (20, 846), (20, 844), (20, 459), (20, 460), (20, 833), (20, 462), (20, 463), (20, 464), (20, 465), (20, 841), (20, 467), (20, 468), (20, 469), (20, 840), (20, 897), (20, 472), (20, 473), (20, 474), (20, 839), (20, 960), (20, 834), (20, 829), (20, 479), (20, 480), (20, 481), (20, 482), (20, 483), (20, 484), (20, 485), (20, 825), (20, 487), (20, 488), (20, 832), (20, 824), (20, 491), (20, 492), (20, 493), (20, 816), (20, 495), (20, 879), (20, 809), (20, 811), (20, 869), (20, 500), (20, 866), (20, 502), (20, 503), (20, 915), (20, 899), (20, 813), (20, 507), (20, 508), (20, 509), (20, 510), (20, 511), (20, 512), (20, 812), (20, 514), (20, 515), (20, 516), (20, 765), (20, 918), (20, 858), (20, 804), (20, 521), (20, 522), (20, 523), (20, 524), (20, 861), (20, 526), (20, 527), (20, 528), (20, 529), (20, 906), (20, 410), (20, 799), (20, 792), (20, 798), (20, 793), (20, 536), (20, 820), (20, 782), (20, 539), (20, 780), (20, 797), (20, 956), (20, 822), (20, 544), (20, 545), (20, 546), (20, 828), (20, 548), (20, 549), (20, 855), (20, 773), (20, 935), (20, 553), (20, 794), (20, 555), (20, 556), (20, 557), (20, 851), (20, 778), (20, 560), (20, 789), (20, 781), (20, 917), (20, 779), (20, 565), (20, 566), (20, 567), (20, 772), (20, 803), (20, 771), (20, 769), (20, 572), (20, 573), (20, 574), (20, 575), (20, 576), (20, 577), (20, 753), (20, 865), (20, 580), (20, 763), (20, 582), (20, 583), (20, 584), (20, 585), (20, 586), (20, 845), (20, 588), (20, 589), (20, 590), (20, 591), (20, 592), (20, 593), (20, 929), (20, 904), (20, 801), (20, 597), (20, 336), (20, 599), (20, 600), (20, 601), (20, 602), (20, 603), (20, 823), (20, 764), (20, 758), (20, 607), (20, 608), (20, 609), (20, 610), (20, 611), (20, 612), (20, 613), (20, 614), (20, 615), (20, 770), (20, 617), (20, 757), (20, 619), (20, 620), (20, 621), (20, 622), (20, 623), (20, 808), (20, 625), (20, 626), (20, 627), (20, 384), (20, 629), (20, 946), (20, 631), (20, 632), (20, 633), (20, 881), (20, 635), (20, 636), (20, 437), (20, 752), (20, 639), (20, 8), (20, 786), (20, 642), (20, 961), (20, 644), (20, 645), (20, 646), (20, 647), (20, 648), (20, 649), (20, 650), (20, 751), (20, 652), (20, 749), (20, 654), (20, 745), (20, 744), (20, 747), (20, 658), (20, 743), (20, 660), (20, 868), (20, 662), (20, 663), (20, 664), (20, 665), (20, 666), (20, 667), (20, 668), (20, 669), (20, 748), (20, 819), (20, 894), (20, 673), (20, 674), (20, 675), (20, 676), (20, 677), (20, 678), (20, 746), (20, 955), (20, 681), (20, 682), (20, 683), (20, 684), (20, 738), (20, 864), (20, 365), (20, 688), (20, 689), (20, 740), (20, 691), (20, 731), (20, 1), (20, 900), (20, 843), (20, 372), (20, 697), (20, 698), (20, 699), (20, 700), (20, 785), (20, 756), (20, 280), (20, 704), (20, 705), (20, 706), (20, 707), (20, 807), (20, 726), (20, 724), (20, 723), (20, 722), (20, 713), (20, 714), (20, 721), (20, 720), (20, 717), (20, 718), (20, 734)]
Residuals
[1.5334212277130973e-15, 9.60863622745821e-16]
20
[0, 448, 412, 3, 4, 5, 6, 7, 968, 9, 10, 954, 12, 430, 455, 433, 443, 17, 18, 19, 20, 21, 22, 23, 24, 25, 26, 27, 28, 29, 30, 31, 32, 33, 34, 35, 36, 37, 38, 39, 40, 41, 951, 43, 44, 45, 46, 47, 48, 49, 50, 51, 52, 53, 54, 55, 56, 57, 58, 59, 60, 61, 62, 63, 64, 65, 66, 67, 947, 69, 70, 71, 72, 73, 74, 75, 76, 77, 78, 79, 80, 81, 82, 83, 84, 85, 86, 87, 88, 89, 90, 91, 92, 93, 94, 95, 96, 97, 98, 99, 100, 101, 102, 103, 104, 105, 106, 107, 108, 109, 110, 111, 112, 113, 114, 115, 116, 117, 949, 119, 120, 121, 122, 123, 124, 125, 941, 127, 128, 129, 130, 131, 132, 133, 134, 135, 136, 137, 138, 139, 140, 141, 142, 143, 950, 964, 146, 147, 148, 149, 150, 151, 152, 945, 154, 155, 156, 157, 158, 159, 160, 161, 162, 163, 164, 165, 166, 938, 168, 169, 170, 171, 172, 173, 174, 175, 176, 177, 178, 179, 180, 181, 182, 962, 184, 185, 186, 187, 937, 189, 190, 191, 192, 193, 194, 195, 196, 197, 198, 199, 200, 201, 202, 203, 204, 205, 206, 207, 208, 209, 210, 211, 212, 213, 214, 215, 216, 217, 218, 219, 220, 221, 222, 223, 224, 934, 226, 227, 228, 229, 230, 231, 948, 233, 234, 235, 236, 944, 238, 239, 240, 241, 242, 243, 244, 933, 246, 247, 248, 249, 250, 251, 252, 253, 254, 255, 931, 257, 258, 259, 260, 261, 262, 263, 264, 265, 266, 267, 268, 269, 270, 271, 272, 273, 274, 275, 276, 277, 278, 279, 145, 281, 282, 283, 284, 285, 286, 287, 288, 289, 290, 291, 292, 293, 294, 295, 296, 297, 298, 299, 300, 301, 302, 303, 304, 930, 306, 307, 308, 309, 310, 311, 312, 313, 314, 315, 316, 317, 318, 319, 320, 321, 322, 323, 324, 325, 965, 327, 328, 926, 330, 331, 332, 925, 334, 335, 921, 337, 924, 339, 340, 341, 342, 343, 344, 345, 346, 347, 348, 349, 350, 351, 920, 353, 354, 355, 356, 357, 358, 359, 360, 908, 362, 363, 364, 909, 366, 367, 895, 369, 370, 371, 912, 936, 374, 375, 376, 377, 378, 379, 380, 381, 382, 893, 887, 118, 329, 387, 388, 389, 390, 391, 392, 393, 394, 395, 396, 397, 398, 399, 400, 907, 402, 403, 404, 878, 406, 407, 873, 409, 923, 411, 885, 413, 414, 415, 416, 417, 11, 419, 420, 421, 877, 423, 424, 425, 426, 427, 428, 429, 890, 431, 432, 872, 874, 435, 436, 876, 871, 439, 440, 237, 870, 969, 444, 445, 446, 447, 857, 449, 450, 451, 452, 453, 454, 848, 852, 846, 844, 459, 460, 833, 462, 463, 464, 465, 841, 467, 468, 469, 840, 897, 472, 473, 474, 839, 960, 834, 829, 479, 480, 481, 482, 483, 484, 485, 825, 487, 488, 832, 824, 491, 492, 493, 816, 495, 879, 809, 811, 869, 500, 866, 502, 503, 915, 899, 813, 507, 508, 509, 510, 511, 512, 812, 514, 515, 516, 765, 918, 858, 804, 521, 522, 523, 524, 861, 526, 527, 528, 529, 906, 410, 799, 792, 798, 793, 536, 820, 782, 539, 780, 797, 956, 822, 544, 545, 546, 828, 548, 549, 855, 773, 935, 553, 794, 555, 556, 557, 851, 778, 560, 789, 781, 917, 779, 565, 566, 567, 772, 803, 771, 769, 572, 573, 574, 575, 576, 577, 753, 865, 580, 763, 582, 583, 584, 585, 586, 845, 588, 589, 590, 591, 592, 593, 929, 904, 801, 597, 336, 599, 600, 601, 602, 603, 823, 764, 758, 607, 608, 609, 610, 611, 612, 613, 614, 615, 770, 617, 757, 619, 620, 621, 622, 623, 808, 625, 626, 627, 384, 629, 946, 631, 632, 633, 881, 635, 636, 437, 752, 639, 8, 786, 642, 961, 644, 645, 646, 647, 648, 649, 650, 751, 652, 749, 654, 745, 744, 747, 658, 743, 660, 868, 662, 663, 664, 665, 666, 667, 668, 669, 748, 819, 894, 673, 674, 675, 676, 677, 678, 746, 955, 681, 682, 683, 684, 738, 864, 365, 688, 689, 740, 691, 731, 1, 900, 843, 372, 697, 698, 699, 700, 785, 756, 280, 704, 705, 706, 707, 807, 726, 724, 723, 722, 713, 714, 721, 720, 717, 718, 734]
Epoch
21
Epoch time
9.5564603805542
Epoch 21, Loss 0.15348691383609547
Epoch
22
Epoch time
9.207220554351807
Epoch 22, Loss 0.14734406388597562
Epoch
23
Epoch time
9.185977458953857
Epoch 23, Loss 0.14486030822775017
Epoch
24
Epoch time
9.192877769470215
Epoch 24, Loss 0.13729079553547005
Epoch
25
Epoch time
9.280985355377197
Epoch 25, Loss 0.13310330020768257
Epoch
26
Epoch time
9.814331531524658
Epoch 26, Loss 0.13122431169962512
Epoch
27
Epoch time
9.171220779418945
Epoch 27, Loss 0.12766764402699968
Epoch
28
Epoch time
9.177501678466797
Epoch 28, Loss 0.123014804989798
Epoch
29
Epoch time
9.184096574783325
Epoch 29, Loss 0.126619717720896
Epoch
30
Epoch time
9.175366640090942
Epoch 30, Loss 0.11968646713765338
Epoch
31
Epoch time
9.155010223388672
Epoch 31, Loss 0.11616761339905982
Epoch
32
Epoch time
9.18864631652832
Epoch 32, Loss 0.11360678963013925
Epoch
33
Epoch time
9.240072250366211
Epoch 33, Loss 0.10643520745429366
Epoch
34
Epoch time
9.175836324691772
Epoch 34, Loss 0.10764063909708056
Epoch
35
Epoch time
9.169631958007812
Epoch 35, Loss 0.1049678904186779
Epoch
36
Epoch time
9.165569305419922
Epoch 36, Loss 0.10555504424206447
Epoch
37
Epoch time
9.14882230758667
Epoch 37, Loss 0.10186963293973046
Epoch
38
Epoch time
9.200750827789307
Epoch 38, Loss 0.09965212813966597
Epoch
39
Epoch time
9.171570777893066
Epoch 39, Loss 0.09904515204504909
Epoch
40
Epoch time
903.5764472484589
Epoch 40, Loss 0.09908993159498398
Epoch 40
Selections count 720
Selections(Epoch, batch)
[(40, 0), (40, 448), (40, 498), (40, 3), (40, 4), (40, 5), (40, 6), (40, 7), (40, 968), (40, 9), (40, 10), (40, 954), (40, 12), (40, 430), (40, 455), (40, 433), (40, 443), (40, 17), (40, 18), (40, 19), (40, 20), (40, 21), (40, 22), (40, 23), (40, 24), (40, 25), (40, 26), (40, 27), (40, 28), (40, 29), (40, 30), (40, 31), (40, 32), (40, 33), (40, 34), (40, 35), (40, 36), (40, 37), (40, 38), (40, 39), (40, 40), (40, 41), (40, 951), (40, 43), (40, 44), (40, 45), (40, 46), (40, 47), (40, 48), (40, 49), (40, 50), (40, 51), (40, 52), (40, 53), (40, 54), (40, 55), (40, 56), (40, 57), (40, 58), (40, 59), (40, 60), (40, 61), (40, 62), (40, 63), (40, 64), (40, 65), (40, 66), (40, 67), (40, 947), (40, 69), (40, 70), (40, 71), (40, 72), (40, 73), (40, 74), (40, 75), (40, 76), (40, 77), (40, 78), (40, 79), (40, 80), (40, 81), (40, 82), (40, 83), (40, 84), (40, 85), (40, 86), (40, 87), (40, 88), (40, 89), (40, 90), (40, 91), (40, 92), (40, 93), (40, 94), (40, 95), (40, 96), (40, 97), (40, 98), (40, 99), (40, 100), (40, 101), (40, 102), (40, 103), (40, 104), (40, 105), (40, 106), (40, 107), (40, 108), (40, 109), (40, 110), (40, 111), (40, 112), (40, 113), (40, 114), (40, 115), (40, 116), (40, 117), (40, 949), (40, 119), (40, 120), (40, 121), (40, 122), (40, 123), (40, 124), (40, 125), (40, 941), (40, 127), (40, 128), (40, 129), (40, 130), (40, 131), (40, 132), (40, 133), (40, 134), (40, 135), (40, 136), (40, 137), (40, 138), (40, 139), (40, 140), (40, 141), (40, 142), (40, 143), (40, 494), (40, 964), (40, 146), (40, 147), (40, 148), (40, 149), (40, 150), (40, 151), (40, 152), (40, 945), (40, 154), (40, 155), (40, 156), (40, 157), (40, 158), (40, 159), (40, 160), (40, 161), (40, 162), (40, 163), (40, 164), (40, 165), (40, 166), (40, 938), (40, 168), (40, 169), (40, 170), (40, 171), (40, 172), (40, 173), (40, 174), (40, 175), (40, 485), (40, 177), (40, 178), (40, 179), (40, 180), (40, 181), (40, 182), (40, 962), (40, 184), (40, 185), (40, 186), (40, 187), (40, 937), (40, 189), (40, 190), (40, 191), (40, 192), (40, 193), (40, 194), (40, 195), (40, 196), (40, 197), (40, 198), (40, 199), (40, 200), (40, 201), (40, 202), (40, 203), (40, 204), (40, 205), (40, 206), (40, 207), (40, 208), (40, 209), (40, 210), (40, 211), (40, 212), (40, 213), (40, 214), (40, 215), (40, 216), (40, 217), (40, 218), (40, 219), (40, 220), (40, 221), (40, 222), (40, 223), (40, 224), (40, 934), (40, 226), (40, 227), (40, 228), (40, 229), (40, 230), (40, 231), (40, 948), (40, 233), (40, 234), (40, 235), (40, 236), (40, 944), (40, 238), (40, 239), (40, 240), (40, 241), (40, 242), (40, 243), (40, 244), (40, 933), (40, 246), (40, 247), (40, 248), (40, 249), (40, 250), (40, 251), (40, 252), (40, 253), (40, 254), (40, 255), (40, 931), (40, 257), (40, 258), (40, 259), (40, 260), (40, 261), (40, 262), (40, 263), (40, 264), (40, 265), (40, 266), (40, 267), (40, 268), (40, 269), (40, 270), (40, 271), (40, 272), (40, 273), (40, 274), (40, 275), (40, 276), (40, 277), (40, 278), (40, 279), (40, 145), (40, 281), (40, 282), (40, 283), (40, 284), (40, 285), (40, 286), (40, 287), (40, 288), (40, 289), (40, 290), (40, 291), (40, 292), (40, 486), (40, 294), (40, 295), (40, 296), (40, 297), (40, 298), (40, 299), (40, 300), (40, 301), (40, 302), (40, 303), (40, 304), (40, 930), (40, 306), (40, 307), (40, 308), (40, 309), (40, 310), (40, 311), (40, 312), (40, 313), (40, 314), (40, 315), (40, 316), (40, 317), (40, 318), (40, 319), (40, 320), (40, 321), (40, 322), (40, 323), (40, 324), (40, 325), (40, 965), (40, 327), (40, 328), (40, 926), (40, 330), (40, 331), (40, 332), (40, 925), (40, 334), (40, 335), (40, 921), (40, 337), (40, 476), (40, 339), (40, 340), (40, 341), (40, 342), (40, 343), (40, 344), (40, 345), (40, 346), (40, 347), (40, 348), (40, 349), (40, 350), (40, 351), (40, 499), (40, 353), (40, 354), (40, 355), (40, 356), (40, 357), (40, 358), (40, 359), (40, 360), (40, 908), (40, 362), (40, 363), (40, 364), (40, 909), (40, 366), (40, 367), (40, 895), (40, 369), (40, 370), (40, 371), (40, 912), (40, 936), (40, 374), (40, 375), (40, 376), (40, 377), (40, 378), (40, 379), (40, 380), (40, 381), (40, 382), (40, 893), (40, 887), (40, 118), (40, 329), (40, 387), (40, 388), (40, 389), (40, 390), (40, 391), (40, 392), (40, 393), (40, 394), (40, 395), (40, 396), (40, 397), (40, 398), (40, 399), (40, 466), (40, 907), (40, 402), (40, 403), (40, 404), (40, 878), (40, 406), (40, 407), (40, 873), (40, 422), (40, 923), (40, 411), (40, 885), (40, 413), (40, 414), (40, 415), (40, 416), (40, 417), (40, 11), (40, 419), (40, 420), (40, 421), (40, 877), (40, 423), (40, 424), (40, 425), (40, 426), (40, 427), (40, 428), (40, 429), (40, 890), (40, 431), (40, 432), (40, 872), (40, 874), (40, 435), (40, 497), (40, 876), (40, 871), (40, 439), (40, 440), (40, 237), (40, 870), (40, 969), (40, 444), (40, 445), (40, 446), (40, 447), (40, 857), (40, 449), (40, 463), (40, 451), (40, 452), (40, 453), (40, 454), (40, 848), (40, 852), (40, 846), (40, 844), (40, 459), (40, 460), (40, 833), (40, 462), (40, 405), (40, 464), (40, 465), (40, 841), (40, 467), (40, 468), (40, 469), (40, 840), (40, 897), (40, 472), (40, 473), (40, 474), (40, 839), (40, 232), (40, 834), (40, 829), (40, 479), (40, 480), (40, 481), (40, 482), (40, 483), (40, 126), (40, 471), (40, 825), (40, 487), (40, 488), (40, 832), (40, 824), (40, 491), (40, 492), (40, 493), (40, 816), (40, 495), (40, 879), (40, 809), (40, 811), (40, 869), (40, 500), (40, 866), (40, 502), (40, 503), (40, 915), (40, 899), (40, 813), (40, 507), (40, 508), (40, 509), (40, 510), (40, 511), (40, 512), (40, 812), (40, 514), (40, 515), (40, 516), (40, 765), (40, 918), (40, 858), (40, 804), (40, 521), (40, 522), (40, 523), (40, 524), (40, 183), (40, 526), (40, 527), (40, 528), (40, 16), (40, 153), (40, 410), (40, 799), (40, 792), (40, 798), (40, 793), (40, 536), (40, 820), (40, 782), (40, 539), (40, 780), (40, 797), (40, 956), (40, 822), (40, 544), (40, 545), (40, 546), (40, 828), (40, 548), (40, 549), (40, 855), (40, 773), (40, 935), (40, 553), (40, 794), (40, 555), (40, 556), (40, 557), (40, 851), (40, 778), (40, 560), (40, 789), (40, 781), (40, 917), (40, 779), (40, 565), (40, 566), (40, 567), (40, 772), (40, 400), (40, 771), (40, 769), (40, 572), (40, 573), (40, 574), (40, 575), (40, 576), (40, 577), (40, 753), (40, 865), (40, 580), (40, 763), (40, 582), (40, 583), (40, 584), (40, 585), (40, 373), (40, 845), (40, 588), (40, 225), (40, 590), (40, 591), (40, 592), (40, 593), (40, 929), (40, 904), (40, 801), (40, 597), (40, 336), (40, 599), (40, 600), (40, 601), (40, 602), (40, 603), (40, 823), (40, 764), (40, 758), (40, 607), (40, 608), (40, 609), (40, 610), (40, 611), (40, 612), (40, 613), (40, 614), (40, 615), (40, 770), (40, 617), (40, 757), (40, 15), (40, 620), (40, 621), (40, 622), (40, 623), (40, 808), (40, 625), (40, 626), (40, 627), (40, 384), (40, 496), (40, 946), (40, 631), (40, 632), (40, 633), (40, 881), (40, 635), (40, 636), (40, 437), (40, 752), (40, 639), (40, 8), (40, 786), (40, 642), (40, 961), (40, 644), (40, 645), (40, 646), (40, 14), (40, 648), (40, 649), (40, 650), (40, 751), (40, 13), (40, 749), (40, 654), (40, 745), (40, 744), (40, 747), (40, 658), (40, 743), (40, 660), (40, 868), (40, 662), (40, 663), (40, 664), (40, 665), (40, 666), (40, 667), (40, 668), (40, 669), (40, 748), (40, 461), (40, 894), (40, 673), (40, 674), (40, 675), (40, 676), (40, 677), (40, 678), (40, 746), (40, 383), (40, 681), (40, 682), (40, 683), (40, 684), (40, 738), (40, 864), (40, 365), (40, 688), (40, 689), (40, 740), (40, 691), (40, 731), (40, 361), (40, 900), (40, 843), (40, 372), (40, 697), (40, 698), (40, 699), (40, 700), (40, 785), (40, 756), (40, 280), (40, 704), (40, 705), (40, 706), (40, 707), (40, 807), (40, 726), (40, 724), (40, 723), (40, 722), (40, 713), (40, 714), (40, 721), (40, 720), (40, 717), (40, 718), (40, 734)]
Residuals
[1.5334212277130973e-15, 9.60863622745821e-16, 2.1546086619616253e-15]
40
[0, 448, 498, 3, 4, 5, 6, 7, 968, 9, 10, 954, 12, 430, 455, 433, 443, 17, 18, 19, 20, 21, 22, 23, 24, 25, 26, 27, 28, 29, 30, 31, 32, 33, 34, 35, 36, 37, 38, 39, 40, 41, 951, 43, 44, 45, 46, 47, 48, 49, 50, 51, 52, 53, 54, 55, 56, 57, 58, 59, 60, 61, 62, 63, 64, 65, 66, 67, 947, 69, 70, 71, 72, 73, 74, 75, 76, 77, 78, 79, 80, 81, 82, 83, 84, 85, 86, 87, 88, 89, 90, 91, 92, 93, 94, 95, 96, 97, 98, 99, 100, 101, 102, 103, 104, 105, 106, 107, 108, 109, 110, 111, 112, 113, 114, 115, 116, 117, 949, 119, 120, 121, 122, 123, 124, 125, 941, 127, 128, 129, 130, 131, 132, 133, 134, 135, 136, 137, 138, 139, 140, 141, 142, 143, 494, 964, 146, 147, 148, 149, 150, 151, 152, 945, 154, 155, 156, 157, 158, 159, 160, 161, 162, 163, 164, 165, 166, 938, 168, 169, 170, 171, 172, 173, 174, 175, 485, 177, 178, 179, 180, 181, 182, 962, 184, 185, 186, 187, 937, 189, 190, 191, 192, 193, 194, 195, 196, 197, 198, 199, 200, 201, 202, 203, 204, 205, 206, 207, 208, 209, 210, 211, 212, 213, 214, 215, 216, 217, 218, 219, 220, 221, 222, 223, 224, 934, 226, 227, 228, 229, 230, 231, 948, 233, 234, 235, 236, 944, 238, 239, 240, 241, 242, 243, 244, 933, 246, 247, 248, 249, 250, 251, 252, 253, 254, 255, 931, 257, 258, 259, 260, 261, 262, 263, 264, 265, 266, 267, 268, 269, 270, 271, 272, 273, 274, 275, 276, 277, 278, 279, 145, 281, 282, 283, 284, 285, 286, 287, 288, 289, 290, 291, 292, 486, 294, 295, 296, 297, 298, 299, 300, 301, 302, 303, 304, 930, 306, 307, 308, 309, 310, 311, 312, 313, 314, 315, 316, 317, 318, 319, 320, 321, 322, 323, 324, 325, 965, 327, 328, 926, 330, 331, 332, 925, 334, 335, 921, 337, 476, 339, 340, 341, 342, 343, 344, 345, 346, 347, 348, 349, 350, 351, 499, 353, 354, 355, 356, 357, 358, 359, 360, 908, 362, 363, 364, 909, 366, 367, 895, 369, 370, 371, 912, 936, 374, 375, 376, 377, 378, 379, 380, 381, 382, 893, 887, 118, 329, 387, 388, 389, 390, 391, 392, 393, 394, 395, 396, 397, 398, 399, 466, 907, 402, 403, 404, 878, 406, 407, 873, 422, 923, 411, 885, 413, 414, 415, 416, 417, 11, 419, 420, 421, 877, 423, 424, 425, 426, 427, 428, 429, 890, 431, 432, 872, 874, 435, 497, 876, 871, 439, 440, 237, 870, 969, 444, 445, 446, 447, 857, 449, 463, 451, 452, 453, 454, 848, 852, 846, 844, 459, 460, 833, 462, 405, 464, 465, 841, 467, 468, 469, 840, 897, 472, 473, 474, 839, 232, 834, 829, 479, 480, 481, 482, 483, 126, 471, 825, 487, 488, 832, 824, 491, 492, 493, 816, 495, 879, 809, 811, 869, 500, 866, 502, 503, 915, 899, 813, 507, 508, 509, 510, 511, 512, 812, 514, 515, 516, 765, 918, 858, 804, 521, 522, 523, 524, 183, 526, 527, 528, 16, 153, 410, 799, 792, 798, 793, 536, 820, 782, 539, 780, 797, 956, 822, 544, 545, 546, 828, 548, 549, 855, 773, 935, 553, 794, 555, 556, 557, 851, 778, 560, 789, 781, 917, 779, 565, 566, 567, 772, 400, 771, 769, 572, 573, 574, 575, 576, 577, 753, 865, 580, 763, 582, 583, 584, 585, 373, 845, 588, 225, 590, 591, 592, 593, 929, 904, 801, 597, 336, 599, 600, 601, 602, 603, 823, 764, 758, 607, 608, 609, 610, 611, 612, 613, 614, 615, 770, 617, 757, 15, 620, 621, 622, 623, 808, 625, 626, 627, 384, 496, 946, 631, 632, 633, 881, 635, 636, 437, 752, 639, 8, 786, 642, 961, 644, 645, 646, 14, 648, 649, 650, 751, 13, 749, 654, 745, 744, 747, 658, 743, 660, 868, 662, 663, 664, 665, 666, 667, 668, 669, 748, 461, 894, 673, 674, 675, 676, 677, 678, 746, 383, 681, 682, 683, 684, 738, 864, 365, 688, 689, 740, 691, 731, 361, 900, 843, 372, 697, 698, 699, 700, 785, 756, 280, 704, 705, 706, 707, 807, 726, 724, 723, 722, 713, 714, 721, 720, 717, 718, 734]
Epoch
41
Epoch time
9.534538269042969
Epoch 41, Loss 0.09882134472291607
Epoch
42
Epoch time
9.2218337059021
Epoch 42, Loss 0.09581275135715259
Epoch
43
Epoch time
9.276936531066895
Epoch 43, Loss 0.09598358155509534
Epoch
44
Epoch time
9.189776182174683
Epoch 44, Loss 0.09055696180391047
Epoch
45
Epoch time
9.241605281829834
Epoch 45, Loss 0.08664290725340834
Epoch
46
Epoch time
9.151970148086548
Epoch 46, Loss 0.09429069088131654
Epoch
47
Epoch time
9.152262687683105
Epoch 47, Loss 0.0870944205892738
Epoch
48
Epoch time
9.154041767120361
Epoch 48, Loss 0.08830447303325248
Epoch
49
Epoch time
9.145494937896729
Epoch 49, Loss 0.08851224637658257
Epoch
50
Epoch time
9.23029351234436
Epoch 50, Loss 0.08492025073578892
Epoch
51
Epoch time
9.134228467941284
Epoch 51, Loss 0.08332769007029128
Epoch
52
Epoch time
9.155603170394897
Epoch 52, Loss 0.08209788276843027
Epoch
53
Epoch time
9.169362545013428
Epoch 53, Loss 0.08194974397260618
Epoch
54
Epoch time
9.134621143341064
Epoch 54, Loss 0.08367350869792668
Epoch
55
Epoch time
9.151883363723755
Epoch 55, Loss 0.0782269025259302
Epoch
56
Epoch time
9.150603771209717
Epoch 56, Loss 0.07766273178441528
Epoch
57
Epoch time
9.2504563331604
Epoch 57, Loss 0.08307480112911435
Epoch
58
Epoch time
9.834895372390747
Epoch 58, Loss 0.07916380420409648
Epoch
59
Epoch time
9.174052000045776
Epoch 59, Loss 0.08098762467716976
Epoch
60
Epoch time
906.7199485301971
Epoch 60, Loss 0.08020531173470469
Epoch 60
Selections count 720
Selections(Epoch, batch)
[(60, 0), (60, 448), (60, 498), (60, 3), (60, 4), (60, 5), (60, 6), (60, 7), (60, 968), (60, 9), (60, 10), (60, 954), (60, 12), (60, 430), (60, 455), (60, 433), (60, 443), (60, 17), (60, 18), (60, 19), (60, 20), (60, 21), (60, 22), (60, 23), (60, 24), (60, 25), (60, 26), (60, 27), (60, 28), (60, 29), (60, 30), (60, 31), (60, 32), (60, 33), (60, 34), (60, 35), (60, 36), (60, 37), (60, 38), (60, 39), (60, 40), (60, 41), (60, 951), (60, 43), (60, 44), (60, 45), (60, 46), (60, 47), (60, 48), (60, 49), (60, 50), (60, 51), (60, 52), (60, 53), (60, 54), (60, 55), (60, 56), (60, 57), (60, 58), (60, 59), (60, 60), (60, 61), (60, 62), (60, 63), (60, 64), (60, 65), (60, 66), (60, 67), (60, 947), (60, 69), (60, 70), (60, 71), (60, 72), (60, 73), (60, 74), (60, 75), (60, 76), (60, 77), (60, 78), (60, 79), (60, 80), (60, 81), (60, 82), (60, 83), (60, 84), (60, 85), (60, 86), (60, 87), (60, 88), (60, 89), (60, 90), (60, 91), (60, 92), (60, 93), (60, 94), (60, 95), (60, 96), (60, 97), (60, 596), (60, 99), (60, 100), (60, 101), (60, 102), (60, 103), (60, 104), (60, 105), (60, 106), (60, 107), (60, 108), (60, 109), (60, 110), (60, 111), (60, 112), (60, 113), (60, 114), (60, 115), (60, 116), (60, 117), (60, 949), (60, 119), (60, 120), (60, 121), (60, 122), (60, 123), (60, 124), (60, 125), (60, 941), (60, 127), (60, 128), (60, 129), (60, 130), (60, 131), (60, 132), (60, 133), (60, 134), (60, 135), (60, 136), (60, 137), (60, 138), (60, 139), (60, 140), (60, 141), (60, 142), (60, 143), (60, 494), (60, 964), (60, 146), (60, 147), (60, 148), (60, 149), (60, 150), (60, 151), (60, 152), (60, 945), (60, 154), (60, 155), (60, 156), (60, 157), (60, 158), (60, 159), (60, 160), (60, 161), (60, 162), (60, 163), (60, 164), (60, 165), (60, 166), (60, 938), (60, 168), (60, 169), (60, 170), (60, 171), (60, 172), (60, 173), (60, 174), (60, 175), (60, 598), (60, 177), (60, 178), (60, 179), (60, 180), (60, 181), (60, 182), (60, 962), (60, 184), (60, 185), (60, 186), (60, 187), (60, 937), (60, 189), (60, 190), (60, 191), (60, 591), (60, 193), (60, 194), (60, 195), (60, 196), (60, 197), (60, 198), (60, 199), (60, 200), (60, 201), (60, 202), (60, 203), (60, 204), (60, 205), (60, 206), (60, 207), (60, 578), (60, 209), (60, 210), (60, 211), (60, 212), (60, 213), (60, 214), (60, 215), (60, 216), (60, 586), (60, 218), (60, 219), (60, 220), (60, 221), (60, 222), (60, 223), (60, 224), (60, 934), (60, 226), (60, 227), (60, 228), (60, 229), (60, 230), (60, 231), (60, 948), (60, 233), (60, 234), (60, 235), (60, 236), (60, 944), (60, 238), (60, 239), (60, 240), (60, 241), (60, 242), (60, 243), (60, 244), (60, 933), (60, 246), (60, 247), (60, 248), (60, 249), (60, 250), (60, 251), (60, 252), (60, 253), (60, 254), (60, 255), (60, 931), (60, 257), (60, 258), (60, 259), (60, 260), (60, 261), (60, 262), (60, 263), (60, 264), (60, 265), (60, 266), (60, 267), (60, 268), (60, 269), (60, 270), (60, 271), (60, 272), (60, 273), (60, 274), (60, 275), (60, 276), (60, 277), (60, 278), (60, 279), (60, 145), (60, 281), (60, 282), (60, 283), (60, 284), (60, 285), (60, 286), (60, 287), (60, 288), (60, 289), (60, 290), (60, 291), (60, 292), (60, 486), (60, 294), (60, 295), (60, 296), (60, 297), (60, 298), (60, 299), (60, 300), (60, 301), (60, 302), (60, 303), (60, 304), (60, 930), (60, 306), (60, 307), (60, 308), (60, 309), (60, 310), (60, 311), (60, 312), (60, 313), (60, 314), (60, 315), (60, 316), (60, 317), (60, 318), (60, 319), (60, 320), (60, 321), (60, 322), (60, 323), (60, 324), (60, 325), (60, 965), (60, 327), (60, 328), (60, 926), (60, 330), (60, 331), (60, 594), (60, 925), (60, 334), (60, 335), (60, 921), (60, 337), (60, 476), (60, 339), (60, 340), (60, 341), (60, 342), (60, 343), (60, 344), (60, 345), (60, 346), (60, 347), (60, 348), (60, 349), (60, 571), (60, 351), (60, 551), (60, 353), (60, 589), (60, 355), (60, 356), (60, 357), (60, 358), (60, 359), (60, 360), (60, 908), (60, 362), (60, 363), (60, 364), (60, 909), (60, 366), (60, 367), (60, 895), (60, 369), (60, 370), (60, 371), (60, 912), (60, 936), (60, 374), (60, 375), (60, 376), (60, 377), (60, 378), (60, 379), (60, 380), (60, 381), (60, 382), (60, 893), (60, 887), (60, 564), (60, 329), (60, 387), (60, 388), (60, 389), (60, 390), (60, 391), (60, 392), (60, 393), (60, 394), (60, 395), (60, 396), (60, 397), (60, 398), (60, 399), (60, 466), (60, 907), (60, 402), (60, 403), (60, 404), (60, 878), (60, 406), (60, 407), (60, 873), (60, 422), (60, 923), (60, 411), (60, 885), (60, 413), (60, 414), (60, 415), (60, 416), (60, 417), (60, 11), (60, 419), (60, 420), (60, 421), (60, 877), (60, 423), (60, 424), (60, 425), (60, 426), (60, 427), (60, 428), (60, 429), (60, 890), (60, 431), (60, 432), (60, 872), (60, 874), (60, 435), (60, 497), (60, 876), (60, 871), (60, 439), (60, 440), (60, 237), (60, 870), (60, 969), (60, 444), (60, 445), (60, 446), (60, 447), (60, 857), (60, 449), (60, 540), (60, 451), (60, 452), (60, 453), (60, 454), (60, 848), (60, 852), (60, 846), (60, 844), (60, 570), (60, 460), (60, 833), (60, 462), (60, 405), (60, 464), (60, 465), (60, 841), (60, 467), (60, 468), (60, 469), (60, 840), (60, 897), (60, 535), (60, 473), (60, 474), (60, 839), (60, 232), (60, 834), (60, 829), (60, 479), (60, 480), (60, 481), (60, 482), (60, 537), (60, 126), (60, 471), (60, 825), (60, 487), (60, 488), (60, 832), (60, 824), (60, 491), (60, 492), (60, 493), (60, 816), (60, 495), (60, 879), (60, 809), (60, 811), (60, 869), (60, 500), (60, 866), (60, 502), (60, 503), (60, 915), (60, 899), (60, 813), (60, 543), (60, 563), (60, 509), (60, 510), (60, 511), (60, 512), (60, 812), (60, 514), (60, 515), (60, 516), (60, 765), (60, 918), (60, 534), (60, 804), (60, 521), (60, 522), (60, 533), (60, 524), (60, 183), (60, 526), (60, 527), (60, 528), (60, 16), (60, 153), (60, 410), (60, 799), (60, 792), (60, 798), (60, 793), (60, 536), (60, 820), (60, 782), (60, 539), (60, 780), (60, 176), (60, 956), (60, 822), (60, 544), (60, 545), (60, 546), (60, 828), (60, 548), (60, 549), (60, 855), (60, 773), (60, 935), (60, 553), (60, 794), (60, 555), (60, 556), (60, 557), (60, 851), (60, 778), (60, 560), (60, 789), (60, 781), (60, 917), (60, 779), (60, 565), (60, 566), (60, 567), (60, 772), (60, 400), (60, 561), (60, 769), (60, 572), (60, 573), (60, 574), (60, 575), (60, 525), (60, 577), (60, 753), (60, 865), (60, 580), (60, 538), (60, 582), (60, 583), (60, 584), (60, 585), (60, 167), (60, 845), (60, 588), (60, 225), (60, 590), (60, 554), (60, 592), (60, 593), (60, 929), (60, 904), (60, 801), (60, 597), (60, 144), (60, 518), (60, 600), (60, 601), (60, 602), (60, 603), (60, 823), (60, 764), (60, 758), (60, 607), (60, 608), (60, 609), (60, 599), (60, 611), (60, 612), (60, 613), (60, 614), (60, 595), (60, 520), (60, 617), (60, 757), (60, 15), (60, 620), (60, 621), (60, 622), (60, 623), (60, 808), (60, 625), (60, 626), (60, 627), (60, 384), (60, 496), (60, 946), (60, 631), (60, 632), (60, 633), (60, 881), (60, 635), (60, 636), (60, 437), (60, 752), (60, 639), (60, 8), (60, 786), (60, 642), (60, 506), (60, 644), (60, 645), (60, 646), (60, 14), (60, 504), (60, 501), (60, 650), (60, 751), (60, 13), (60, 749), (60, 654), (60, 745), (60, 744), (60, 747), (60, 658), (60, 743), (60, 660), (60, 868), (60, 662), (60, 663), (60, 664), (60, 581), (60, 666), (60, 667), (60, 668), (60, 669), (60, 748), (60, 336), (60, 894), (60, 673), (60, 333), (60, 675), (60, 676), (60, 505), (60, 519), (60, 746), (60, 383), (60, 681), (60, 682), (60, 683), (60, 684), (60, 738), (60, 530), (60, 365), (60, 688), (60, 689), (60, 740), (60, 691), (60, 731), (60, 361), (60, 900), (60, 843), (60, 372), (60, 697), (60, 698), (60, 699), (60, 700), (60, 785), (60, 756), (60, 280), (60, 704), (60, 705), (60, 706), (60, 458), (60, 807), (60, 726), (60, 724), (60, 723), (60, 558), (60, 713), (60, 714), (60, 721), (60, 720), (60, 717), (60, 718), (60, 734)]
Residuals
[1.5334212277130973e-15, 9.60863622745821e-16, 2.1546086619616253e-15, 2.123901949144918e-15]
60
[0, 448, 498, 3, 4, 5, 6, 7, 968, 9, 10, 954, 12, 430, 455, 433, 443, 17, 18, 19, 20, 21, 22, 23, 24, 25, 26, 27, 28, 29, 30, 31, 32, 33, 34, 35, 36, 37, 38, 39, 40, 41, 951, 43, 44, 45, 46, 47, 48, 49, 50, 51, 52, 53, 54, 55, 56, 57, 58, 59, 60, 61, 62, 63, 64, 65, 66, 67, 947, 69, 70, 71, 72, 73, 74, 75, 76, 77, 78, 79, 80, 81, 82, 83, 84, 85, 86, 87, 88, 89, 90, 91, 92, 93, 94, 95, 96, 97, 596, 99, 100, 101, 102, 103, 104, 105, 106, 107, 108, 109, 110, 111, 112, 113, 114, 115, 116, 117, 949, 119, 120, 121, 122, 123, 124, 125, 941, 127, 128, 129, 130, 131, 132, 133, 134, 135, 136, 137, 138, 139, 140, 141, 142, 143, 494, 964, 146, 147, 148, 149, 150, 151, 152, 945, 154, 155, 156, 157, 158, 159, 160, 161, 162, 163, 164, 165, 166, 938, 168, 169, 170, 171, 172, 173, 174, 175, 598, 177, 178, 179, 180, 181, 182, 962, 184, 185, 186, 187, 937, 189, 190, 191, 591, 193, 194, 195, 196, 197, 198, 199, 200, 201, 202, 203, 204, 205, 206, 207, 578, 209, 210, 211, 212, 213, 214, 215, 216, 586, 218, 219, 220, 221, 222, 223, 224, 934, 226, 227, 228, 229, 230, 231, 948, 233, 234, 235, 236, 944, 238, 239, 240, 241, 242, 243, 244, 933, 246, 247, 248, 249, 250, 251, 252, 253, 254, 255, 931, 257, 258, 259, 260, 261, 262, 263, 264, 265, 266, 267, 268, 269, 270, 271, 272, 273, 274, 275, 276, 277, 278, 279, 145, 281, 282, 283, 284, 285, 286, 287, 288, 289, 290, 291, 292, 486, 294, 295, 296, 297, 298, 299, 300, 301, 302, 303, 304, 930, 306, 307, 308, 309, 310, 311, 312, 313, 314, 315, 316, 317, 318, 319, 320, 321, 322, 323, 324, 325, 965, 327, 328, 926, 330, 331, 594, 925, 334, 335, 921, 337, 476, 339, 340, 341, 342, 343, 344, 345, 346, 347, 348, 349, 571, 351, 551, 353, 589, 355, 356, 357, 358, 359, 360, 908, 362, 363, 364, 909, 366, 367, 895, 369, 370, 371, 912, 936, 374, 375, 376, 377, 378, 379, 380, 381, 382, 893, 887, 564, 329, 387, 388, 389, 390, 391, 392, 393, 394, 395, 396, 397, 398, 399, 466, 907, 402, 403, 404, 878, 406, 407, 873, 422, 923, 411, 885, 413, 414, 415, 416, 417, 11, 419, 420, 421, 877, 423, 424, 425, 426, 427, 428, 429, 890, 431, 432, 872, 874, 435, 497, 876, 871, 439, 440, 237, 870, 969, 444, 445, 446, 447, 857, 449, 540, 451, 452, 453, 454, 848, 852, 846, 844, 570, 460, 833, 462, 405, 464, 465, 841, 467, 468, 469, 840, 897, 535, 473, 474, 839, 232, 834, 829, 479, 480, 481, 482, 537, 126, 471, 825, 487, 488, 832, 824, 491, 492, 493, 816, 495, 879, 809, 811, 869, 500, 866, 502, 503, 915, 899, 813, 543, 563, 509, 510, 511, 512, 812, 514, 515, 516, 765, 918, 534, 804, 521, 522, 533, 524, 183, 526, 527, 528, 16, 153, 410, 799, 792, 798, 793, 536, 820, 782, 539, 780, 176, 956, 822, 544, 545, 546, 828, 548, 549, 855, 773, 935, 553, 794, 555, 556, 557, 851, 778, 560, 789, 781, 917, 779, 565, 566, 567, 772, 400, 561, 769, 572, 573, 574, 575, 525, 577, 753, 865, 580, 538, 582, 583, 584, 585, 167, 845, 588, 225, 590, 554, 592, 593, 929, 904, 801, 597, 144, 518, 600, 601, 602, 603, 823, 764, 758, 607, 608, 609, 599, 611, 612, 613, 614, 595, 520, 617, 757, 15, 620, 621, 622, 623, 808, 625, 626, 627, 384, 496, 946, 631, 632, 633, 881, 635, 636, 437, 752, 639, 8, 786, 642, 506, 644, 645, 646, 14, 504, 501, 650, 751, 13, 749, 654, 745, 744, 747, 658, 743, 660, 868, 662, 663, 664, 581, 666, 667, 668, 669, 748, 336, 894, 673, 333, 675, 676, 505, 519, 746, 383, 681, 682, 683, 684, 738, 530, 365, 688, 689, 740, 691, 731, 361, 900, 843, 372, 697, 698, 699, 700, 785, 756, 280, 704, 705, 706, 458, 807, 726, 724, 723, 558, 713, 714, 721, 720, 717, 718, 734]
Epoch
61
Epoch time
9.422007322311401
Epoch 61, Loss 0.07569494143972406
Epoch
62
Epoch time
9.302713394165039
Epoch 62, Loss 0.07706330580918196
Epoch
63
Epoch time
11.535088300704956
Epoch 63, Loss 0.07375235669625302
Epoch
64
Epoch time
9.259896993637085
Epoch 64, Loss 0.07590002941874749
Epoch
65
Epoch time
9.248722553253174
Epoch 65, Loss 0.0757786803759033
Epoch
66
Epoch time
9.239125728607178
Epoch 66, Loss 0.0728338059374073
Epoch
67
Epoch time
9.27480697631836
Epoch 67, Loss 0.07059965350606945
Epoch
68
Epoch time
9.254180908203125
Epoch 68, Loss 0.07343529865041394
Epoch
69
Epoch time
9.242861032485962
Epoch 69, Loss 0.0721909840675653
Epoch
70
Epoch time
9.23371410369873
Epoch 70, Loss 0.07372187847186676
Epoch
71
Epoch time
9.2482271194458
Epoch 71, Loss 0.07021797791846135
Epoch
72
Epoch time
9.26449966430664
Epoch 72, Loss 0.06976030848522594
Epoch
73
Epoch time
9.275988101959229
Epoch 73, Loss 0.06823506382153331
Epoch
74
Epoch time
9.270405769348145
Epoch 74, Loss 0.06648300810586079
Epoch
75
Epoch time
9.26187777519226
Epoch 75, Loss 0.0650267177875503
Epoch
76
Epoch time
9.273001909255981
Epoch 76, Loss 0.0676139088064762
Epoch
77
Epoch time
9.328822612762451
Epoch 77, Loss 0.06468305784937305
Epoch
78
Epoch time
9.284181118011475
Epoch 78, Loss 0.066705772747567
Epoch
79
Epoch time
9.271960258483887
Epoch 79, Loss 0.06729294599518956
Epoch
80
Epoch time
917.3832852840424
Epoch 80, Loss 0.06346354005676404
Epoch 80
Selections count 720
Selections(Epoch, batch)
[(80, 0), (80, 661), (80, 498), (80, 3), (80, 4), (80, 5), (80, 6), (80, 7), (80, 968), (80, 9), (80, 10), (80, 954), (80, 12), (80, 648), (80, 674), (80, 657), (80, 672), (80, 17), (80, 18), (80, 19), (80, 20), (80, 21), (80, 22), (80, 23), (80, 24), (80, 25), (80, 26), (80, 27), (80, 28), (80, 29), (80, 30), (80, 31), (80, 32), (80, 33), (80, 34), (80, 35), (80, 36), (80, 37), (80, 38), (80, 39), (80, 40), (80, 41), (80, 951), (80, 43), (80, 44), (80, 45), (80, 46), (80, 47), (80, 48), (80, 49), (80, 50), (80, 51), (80, 52), (80, 53), (80, 54), (80, 55), (80, 56), (80, 57), (80, 58), (80, 59), (80, 60), (80, 61), (80, 62), (80, 63), (80, 64), (80, 65), (80, 66), (80, 67), (80, 947), (80, 69), (80, 70), (80, 71), (80, 72), (80, 73), (80, 74), (80, 75), (80, 76), (80, 77), (80, 78), (80, 79), (80, 80), (80, 81), (80, 82), (80, 83), (80, 84), (80, 85), (80, 86), (80, 87), (80, 88), (80, 89), (80, 90), (80, 91), (80, 92), (80, 93), (80, 94), (80, 95), (80, 96), (80, 97), (80, 596), (80, 99), (80, 100), (80, 101), (80, 102), (80, 103), (80, 104), (80, 105), (80, 106), (80, 107), (80, 108), (80, 109), (80, 110), (80, 111), (80, 112), (80, 113), (80, 114), (80, 115), (80, 116), (80, 117), (80, 949), (80, 119), (80, 120), (80, 121), (80, 122), (80, 616), (80, 124), (80, 125), (80, 941), (80, 127), (80, 128), (80, 129), (80, 130), (80, 131), (80, 132), (80, 133), (80, 134), (80, 135), (80, 136), (80, 137), (80, 138), (80, 139), (80, 140), (80, 141), (80, 142), (80, 143), (80, 494), (80, 964), (80, 146), (80, 147), (80, 148), (80, 149), (80, 150), (80, 151), (80, 152), (80, 945), (80, 154), (80, 155), (80, 156), (80, 157), (80, 158), (80, 159), (80, 160), (80, 161), (80, 162), (80, 163), (80, 164), (80, 165), (80, 166), (80, 938), (80, 168), (80, 169), (80, 601), (80, 171), (80, 172), (80, 173), (80, 174), (80, 175), (80, 598), (80, 177), (80, 178), (80, 179), (80, 180), (80, 181), (80, 182), (80, 962), (80, 184), (80, 185), (80, 186), (80, 187), (80, 610), (80, 189), (80, 190), (80, 191), (80, 605), (80, 193), (80, 194), (80, 195), (80, 196), (80, 197), (80, 198), (80, 199), (80, 200), (80, 201), (80, 202), (80, 203), (80, 204), (80, 205), (80, 206), (80, 207), (80, 634), (80, 209), (80, 210), (80, 211), (80, 212), (80, 213), (80, 214), (80, 215), (80, 216), (80, 586), (80, 218), (80, 219), (80, 220), (80, 221), (80, 222), (80, 223), (80, 224), (80, 934), (80, 226), (80, 227), (80, 228), (80, 229), (80, 230), (80, 231), (80, 948), (80, 233), (80, 234), (80, 235), (80, 236), (80, 944), (80, 238), (80, 239), (80, 240), (80, 241), (80, 242), (80, 243), (80, 244), (80, 933), (80, 246), (80, 247), (80, 248), (80, 249), (80, 250), (80, 251), (80, 252), (80, 253), (80, 254), (80, 255), (80, 931), (80, 257), (80, 258), (80, 259), (80, 260), (80, 261), (80, 262), (80, 263), (80, 264), (80, 265), (80, 266), (80, 267), (80, 268), (80, 269), (80, 270), (80, 271), (80, 272), (80, 273), (80, 274), (80, 275), (80, 276), (80, 277), (80, 278), (80, 279), (80, 145), (80, 281), (80, 282), (80, 283), (80, 284), (80, 285), (80, 286), (80, 287), (80, 288), (80, 289), (80, 290), (80, 291), (80, 292), (80, 486), (80, 294), (80, 295), (80, 296), (80, 624), (80, 298), (80, 299), (80, 300), (80, 301), (80, 302), (80, 303), (80, 304), (80, 930), (80, 306), (80, 307), (80, 308), (80, 309), (80, 310), (80, 311), (80, 312), (80, 313), (80, 314), (80, 315), (80, 647), (80, 317), (80, 318), (80, 319), (80, 320), (80, 321), (80, 322), (80, 323), (80, 324), (80, 325), (80, 587), (80, 327), (80, 328), (80, 926), (80, 330), (80, 331), (80, 594), (80, 925), (80, 334), (80, 335), (80, 921), (80, 665), (80, 476), (80, 339), (80, 340), (80, 341), (80, 342), (80, 343), (80, 344), (80, 345), (80, 346), (80, 347), (80, 348), (80, 349), (80, 571), (80, 351), (80, 576), (80, 353), (80, 589), (80, 355), (80, 356), (80, 357), (80, 358), (80, 359), (80, 360), (80, 908), (80, 362), (80, 363), (80, 364), (80, 909), (80, 366), (80, 367), (80, 895), (80, 369), (80, 370), (80, 371), (80, 912), (80, 936), (80, 374), (80, 375), (80, 376), (80, 377), (80, 378), (80, 379), (80, 380), (80, 381), (80, 382), (80, 893), (80, 887), (80, 564), (80, 329), (80, 387), (80, 388), (80, 389), (80, 390), (80, 391), (80, 392), (80, 393), (80, 394), (80, 395), (80, 396), (80, 397), (80, 398), (80, 399), (80, 466), (80, 907), (80, 402), (80, 403), (80, 404), (80, 878), (80, 406), (80, 407), (80, 873), (80, 422), (80, 923), (80, 411), (80, 885), (80, 413), (80, 414), (80, 415), (80, 416), (80, 417), (80, 11), (80, 419), (80, 420), (80, 421), (80, 877), (80, 423), (80, 424), (80, 425), (80, 426), (80, 427), (80, 428), (80, 429), (80, 890), (80, 98), (80, 432), (80, 872), (80, 874), (80, 435), (80, 552), (80, 876), (80, 871), (80, 439), (80, 440), (80, 237), (80, 870), (80, 969), (80, 444), (80, 445), (80, 446), (80, 447), (80, 857), (80, 449), (80, 619), (80, 451), (80, 452), (80, 453), (80, 454), (80, 848), (80, 852), (80, 846), (80, 844), (80, 570), (80, 460), (80, 833), (80, 462), (80, 405), (80, 464), (80, 465), (80, 841), (80, 467), (80, 468), (80, 469), (80, 840), (80, 897), (80, 535), (80, 473), (80, 474), (80, 839), (80, 232), (80, 834), (80, 829), (80, 479), (80, 480), (80, 481), (80, 579), (80, 537), (80, 126), (80, 471), (80, 825), (80, 487), (80, 488), (80, 832), (80, 824), (80, 491), (80, 492), (80, 493), (80, 816), (80, 495), (80, 879), (80, 809), (80, 811), (80, 869), (80, 500), (80, 866), (80, 502), (80, 503), (80, 915), (80, 899), (80, 813), (80, 562), (80, 563), (80, 509), (80, 510), (80, 511), (80, 512), (80, 812), (80, 514), (80, 515), (80, 516), (80, 765), (80, 918), (80, 534), (80, 649), (80, 521), (80, 522), (80, 533), (80, 524), (80, 183), (80, 526), (80, 527), (80, 528), (80, 16), (80, 350), (80, 410), (80, 799), (80, 656), (80, 798), (80, 547), (80, 536), (80, 820), (80, 782), (80, 539), (80, 780), (80, 499), (80, 956), (80, 442), (80, 544), (80, 545), (80, 546), (80, 828), (80, 548), (80, 549), (80, 855), (80, 773), (80, 935), (80, 553), (80, 794), (80, 555), (80, 556), (80, 557), (80, 851), (80, 778), (80, 560), (80, 789), (80, 781), (80, 917), (80, 779), (80, 565), (80, 1), (80, 523), (80, 772), (80, 400), (80, 561), (80, 769), (80, 572), (80, 573), (80, 574), (80, 575), (80, 606), (80, 577), (80, 753), (80, 865), (80, 580), (80, 538), (80, 582), (80, 583), (80, 584), (80, 585), (80, 167), (80, 845), (80, 588), (80, 225), (80, 590), (80, 554), (80, 592), (80, 593), (80, 929), (80, 904), (80, 801), (80, 597), (80, 144), (80, 518), (80, 600), (80, 472), (80, 352), (80, 603), (80, 823), (80, 764), (80, 758), (80, 607), (80, 608), (80, 609), (80, 599), (80, 611), (80, 612), (80, 613), (80, 641), (80, 595), (80, 520), (80, 617), (80, 757), (80, 15), (80, 620), (80, 621), (80, 622), (80, 623), (80, 808), (80, 625), (80, 626), (80, 627), (80, 384), (80, 496), (80, 946), (80, 631), (80, 632), (80, 633), (80, 507), (80, 635), (80, 636), (80, 671), (80, 752), (80, 639), (80, 8), (80, 786), (80, 642), (80, 506), (80, 644), (80, 645), (80, 646), (80, 14), (80, 504), (80, 501), (80, 650), (80, 751), (80, 13), (80, 749), (80, 654), (80, 745), (80, 744), (80, 747), (80, 658), (80, 743), (80, 660), (80, 868), (80, 640), (80, 663), (80, 664), (80, 581), (80, 666), (80, 667), (80, 668), (80, 669), (80, 748), (80, 336), (80, 118), (80, 673), (80, 333), (80, 675), (80, 676), (80, 505), (80, 519), (80, 746), (80, 383), (80, 681), (80, 682), (80, 683), (80, 684), (80, 738), (80, 530), (80, 365), (80, 688), (80, 689), (80, 740), (80, 662), (80, 731), (80, 361), (80, 900), (80, 843), (80, 372), (80, 697), (80, 698), (80, 699), (80, 700), (80, 785), (80, 756), (80, 280), (80, 704), (80, 705), (80, 706), (80, 542), (80, 807), (80, 726), (80, 724), (80, 723), (80, 558), (80, 713), (80, 714), (80, 721), (80, 720), (80, 643), (80, 718), (80, 734)]
Residuals
[1.5334212277130973e-15, 9.60863622745821e-16, 2.1546086619616253e-15, 2.123901949144918e-15, 1.4448186967962567e-15]
80
[0, 661, 498, 3, 4, 5, 6, 7, 968, 9, 10, 954, 12, 648, 674, 657, 672, 17, 18, 19, 20, 21, 22, 23, 24, 25, 26, 27, 28, 29, 30, 31, 32, 33, 34, 35, 36, 37, 38, 39, 40, 41, 951, 43, 44, 45, 46, 47, 48, 49, 50, 51, 52, 53, 54, 55, 56, 57, 58, 59, 60, 61, 62, 63, 64, 65, 66, 67, 947, 69, 70, 71, 72, 73, 74, 75, 76, 77, 78, 79, 80, 81, 82, 83, 84, 85, 86, 87, 88, 89, 90, 91, 92, 93, 94, 95, 96, 97, 596, 99, 100, 101, 102, 103, 104, 105, 106, 107, 108, 109, 110, 111, 112, 113, 114, 115, 116, 117, 949, 119, 120, 121, 122, 616, 124, 125, 941, 127, 128, 129, 130, 131, 132, 133, 134, 135, 136, 137, 138, 139, 140, 141, 142, 143, 494, 964, 146, 147, 148, 149, 150, 151, 152, 945, 154, 155, 156, 157, 158, 159, 160, 161, 162, 163, 164, 165, 166, 938, 168, 169, 601, 171, 172, 173, 174, 175, 598, 177, 178, 179, 180, 181, 182, 962, 184, 185, 186, 187, 610, 189, 190, 191, 605, 193, 194, 195, 196, 197, 198, 199, 200, 201, 202, 203, 204, 205, 206, 207, 634, 209, 210, 211, 212, 213, 214, 215, 216, 586, 218, 219, 220, 221, 222, 223, 224, 934, 226, 227, 228, 229, 230, 231, 948, 233, 234, 235, 236, 944, 238, 239, 240, 241, 242, 243, 244, 933, 246, 247, 248, 249, 250, 251, 252, 253, 254, 255, 931, 257, 258, 259, 260, 261, 262, 263, 264, 265, 266, 267, 268, 269, 270, 271, 272, 273, 274, 275, 276, 277, 278, 279, 145, 281, 282, 283, 284, 285, 286, 287, 288, 289, 290, 291, 292, 486, 294, 295, 296, 624, 298, 299, 300, 301, 302, 303, 304, 930, 306, 307, 308, 309, 310, 311, 312, 313, 314, 315, 647, 317, 318, 319, 320, 321, 322, 323, 324, 325, 587, 327, 328, 926, 330, 331, 594, 925, 334, 335, 921, 665, 476, 339, 340, 341, 342, 343, 344, 345, 346, 347, 348, 349, 571, 351, 576, 353, 589, 355, 356, 357, 358, 359, 360, 908, 362, 363, 364, 909, 366, 367, 895, 369, 370, 371, 912, 936, 374, 375, 376, 377, 378, 379, 380, 381, 382, 893, 887, 564, 329, 387, 388, 389, 390, 391, 392, 393, 394, 395, 396, 397, 398, 399, 466, 907, 402, 403, 404, 878, 406, 407, 873, 422, 923, 411, 885, 413, 414, 415, 416, 417, 11, 419, 420, 421, 877, 423, 424, 425, 426, 427, 428, 429, 890, 98, 432, 872, 874, 435, 552, 876, 871, 439, 440, 237, 870, 969, 444, 445, 446, 447, 857, 449, 619, 451, 452, 453, 454, 848, 852, 846, 844, 570, 460, 833, 462, 405, 464, 465, 841, 467, 468, 469, 840, 897, 535, 473, 474, 839, 232, 834, 829, 479, 480, 481, 579, 537, 126, 471, 825, 487, 488, 832, 824, 491, 492, 493, 816, 495, 879, 809, 811, 869, 500, 866, 502, 503, 915, 899, 813, 562, 563, 509, 510, 511, 512, 812, 514, 515, 516, 765, 918, 534, 649, 521, 522, 533, 524, 183, 526, 527, 528, 16, 350, 410, 799, 656, 798, 547, 536, 820, 782, 539, 780, 499, 956, 442, 544, 545, 546, 828, 548, 549, 855, 773, 935, 553, 794, 555, 556, 557, 851, 778, 560, 789, 781, 917, 779, 565, 1, 523, 772, 400, 561, 769, 572, 573, 574, 575, 606, 577, 753, 865, 580, 538, 582, 583, 584, 585, 167, 845, 588, 225, 590, 554, 592, 593, 929, 904, 801, 597, 144, 518, 600, 472, 352, 603, 823, 764, 758, 607, 608, 609, 599, 611, 612, 613, 641, 595, 520, 617, 757, 15, 620, 621, 622, 623, 808, 625, 626, 627, 384, 496, 946, 631, 632, 633, 507, 635, 636, 671, 752, 639, 8, 786, 642, 506, 644, 645, 646, 14, 504, 501, 650, 751, 13, 749, 654, 745, 744, 747, 658, 743, 660, 868, 640, 663, 664, 581, 666, 667, 668, 669, 748, 336, 118, 673, 333, 675, 676, 505, 519, 746, 383, 681, 682, 683, 684, 738, 530, 365, 688, 689, 740, 662, 731, 361, 900, 843, 372, 697, 698, 699, 700, 785, 756, 280, 704, 705, 706, 542, 807, 726, 724, 723, 558, 713, 714, 721, 720, 643, 718, 734]
Epoch
81
Epoch time
9.521682977676392
Epoch 81, Loss 0.0638013464852702
Epoch
82
Epoch time
9.501638412475586
Epoch 82, Loss 0.063816350108209
Epoch
83
Epoch time
10.503082752227783
Epoch 83, Loss 0.06592521305181435
Epoch
84
Epoch time
9.270952701568604
Epoch 84, Loss 0.06155806614384346
Epoch
85
Epoch time
9.249598264694214
Epoch 85, Loss 0.06541443707021244
Epoch
86
Epoch time
10.692423105239868
Epoch 86, Loss 0.06466069788584719
Epoch
87
Epoch time
9.25202465057373
Epoch 87, Loss 0.0627559443427405
Epoch
88
Epoch time
9.271461963653564
Epoch 88, Loss 0.06341182387647375
Epoch
89
Epoch time
10.57604718208313
Epoch 89, Loss 0.06639974457413093
Epoch
90
Epoch time
9.25484037399292
Epoch 90, Loss 0.06177207732482202
Epoch
91
Epoch time
9.240445375442505
Epoch 91, Loss 0.06543661556635925
Epoch
92
Epoch time
10.472030639648438
Epoch 92, Loss 0.06350715162830359
Epoch
93
Epoch time
9.302198648452759
Epoch 93, Loss 0.06503038607736622
Epoch
94
Epoch time
9.275969505310059
Epoch 94, Loss 0.06407738176121104
Epoch
95
Epoch time
10.298657417297363
Epoch 95, Loss 0.06306057178362001
Epoch
96
Epoch time
9.285029888153076
Epoch 96, Loss 0.060646072472275894
Epoch
97
Epoch time
9.312625885009766
Epoch 97, Loss 0.0600500671465367
Epoch
98
Epoch time
10.77089786529541
Epoch 98, Loss 0.0614856802731083
Epoch
99
Epoch time
9.267751455307007
Epoch 99, Loss 0.05774390777269824
