600
torch.Size([66000, 1, 1, 28, 28])
Epoch
0
Epoch time
1055.0552370548248
Epoch 0, Loss 0.1228705339351048
Epoch 0
Selections count 0
Selections(Epoch, batch)
[(0, 0), (0, 440), (0, 2), (0, 3), (0, 4), (0, 5), (0, 6), (0, 423), (0, 439), (0, 9), (0, 10), (0, 11), (0, 12), (0, 13), (0, 435), (0, 437), (0, 434), (0, 419), (0, 413), (0, 425), (0, 20), (0, 21), (0, 22), (0, 23), (0, 24), (0, 25), (0, 26), (0, 412), (0, 433), (0, 29), (0, 30), (0, 395), (0, 32), (0, 33), (0, 430), (0, 35), (0, 36), (0, 37), (0, 38), (0, 410), (0, 40), (0, 41), (0, 42), (0, 43), (0, 44), (0, 45), (0, 46), (0, 47), (0, 404), (0, 411), (0, 50), (0, 51), (0, 408), (0, 53), (0, 54), (0, 399), (0, 56), (0, 57), (0, 396), (0, 59), (0, 393), (0, 61), (0, 392), (0, 63), (0, 64), (0, 390), (0, 388), (0, 67), (0, 68), (0, 389), (0, 70), (0, 71), (0, 72), (0, 73), (0, 74), (0, 386), (0, 383), (0, 385), (0, 78), (0, 79), (0, 80), (0, 81), (0, 82), (0, 83), (0, 84), (0, 85), (0, 403), (0, 87), (0, 88), (0, 381), (0, 90), (0, 380), (0, 92), (0, 364), (0, 94), (0, 95), (0, 96), (0, 97), (0, 441), (0, 99), (0, 375), (0, 373), (0, 361), (0, 103), (0, 341), (0, 105), (0, 106), (0, 376), (0, 108), (0, 109), (0, 360), (0, 111), (0, 112), (0, 113), (0, 114), (0, 115), (0, 116), (0, 347), (0, 118), (0, 119), (0, 346), (0, 121), (0, 122), (0, 123), (0, 363), (0, 358), (0, 355), (0, 127), (0, 378), (0, 129), (0, 130), (0, 356), (0, 338), (0, 345), (0, 134), (0, 135), (0, 350), (0, 137), (0, 138), (0, 139), (0, 140), (0, 332), (0, 142), (0, 344), (0, 331), (0, 145), (0, 146), (0, 147), (0, 148), (0, 342), (0, 333), (0, 151), (0, 351), (0, 153), (0, 154), (0, 155), (0, 339), (0, 157), (0, 158), (0, 330), (0, 314), (0, 161), (0, 162), (0, 163), (0, 164), (0, 165), (0, 166), (0, 167), (0, 323), (0, 382), (0, 170), (0, 171), (0, 312), (0, 311), (0, 309), (0, 308), (0, 176), (0, 177), (0, 178), (0, 179), (0, 180), (0, 427), (0, 318), (0, 183), (0, 184), (0, 306), (0, 303), (0, 187), (0, 188), (0, 391), (0, 190), (0, 302), (0, 192), (0, 193), (0, 194), (0, 195), (0, 196), (0, 299), (0, 321), (0, 297), (0, 200), (0, 201), (0, 202), (0, 203), (0, 317), (0, 205), (0, 206), (0, 305), (0, 208), (0, 293), (0, 210), (0, 286), (0, 285), (0, 213), (0, 214), (0, 394), (0, 216), (0, 287), (0, 384), (0, 374), (0, 220), (0, 284), (0, 387), (0, 223), (0, 224), (0, 225), (0, 226), (0, 278), (0, 276), (0, 372), (0, 230), (0, 397), (0, 421), (0, 233), (0, 280), (0, 235), (0, 275), (0, 343), (0, 329), (0, 239), (0, 272), (0, 281), (0, 242), (0, 243), (0, 270), (0, 269), (0, 267), (0, 247), (0, 367), (0, 249), (0, 250), (0, 251), (0, 252), (0, 253), (0, 254), (0, 328), (0, 256), (0, 257), (0, 266), (0, 357), (0, 424), (0, 265), (0, 416), (0, 263)]
Residuals
[1.105689267680403e-15]
0
[0, 440, 2, 3, 4, 5, 6, 423, 439, 9, 10, 11, 12, 13, 435, 437, 434, 419, 413, 425, 20, 21, 22, 23, 24, 25, 26, 412, 433, 29, 30, 395, 32, 33, 430, 35, 36, 37, 38, 410, 40, 41, 42, 43, 44, 45, 46, 47, 404, 411, 50, 51, 408, 53, 54, 399, 56, 57, 396, 59, 393, 61, 392, 63, 64, 390, 388, 67, 68, 389, 70, 71, 72, 73, 74, 386, 383, 385, 78, 79, 80, 81, 82, 83, 84, 85, 403, 87, 88, 381, 90, 380, 92, 364, 94, 95, 96, 97, 441, 99, 375, 373, 361, 103, 341, 105, 106, 376, 108, 109, 360, 111, 112, 113, 114, 115, 116, 347, 118, 119, 346, 121, 122, 123, 363, 358, 355, 127, 378, 129, 130, 356, 338, 345, 134, 135, 350, 137, 138, 139, 140, 332, 142, 344, 331, 145, 146, 147, 148, 342, 333, 151, 351, 153, 154, 155, 339, 157, 158, 330, 314, 161, 162, 163, 164, 165, 166, 167, 323, 382, 170, 171, 312, 311, 309, 308, 176, 177, 178, 179, 180, 427, 318, 183, 184, 306, 303, 187, 188, 391, 190, 302, 192, 193, 194, 195, 196, 299, 321, 297, 200, 201, 202, 203, 317, 205, 206, 305, 208, 293, 210, 286, 285, 213, 214, 394, 216, 287, 384, 374, 220, 284, 387, 223, 224, 225, 226, 278, 276, 372, 230, 397, 421, 233, 280, 235, 275, 343, 329, 239, 272, 281, 242, 243, 270, 269, 267, 247, 367, 249, 250, 251, 252, 253, 254, 328, 256, 257, 266, 357, 424, 265, 416, 263]
Epoch
1
Epoch time
10.755383253097534
Epoch 1, Loss 0.088136436973388
Epoch
2
Epoch time
10.042182922363281
Epoch 2, Loss 0.07546036633080803
Epoch
3
Epoch time
9.082974433898926
Epoch 3, Loss 0.06709276287147077
Epoch
4
Epoch time
9.061542510986328
Epoch 4, Loss 0.05997483937302604
Epoch
5
Epoch time
9.137086629867554
Epoch 5, Loss 0.05232361825483774
Epoch
6
Epoch time
10.287426471710205
Epoch 6, Loss 0.04877951990735407
Epoch
7
Epoch time
9.046612024307251
Epoch 7, Loss 0.04483634394399511
Epoch
8
Epoch time
9.092252731323242
Epoch 8, Loss 0.04212470053656337
Epoch
9
Epoch time
9.271952867507935
Epoch 9, Loss 0.03841001576923494
Epoch
10
Epoch time
9.223515033721924
Epoch 10, Loss 0.034217989105382006
Epoch
11
Epoch time
9.073673248291016
Epoch 11, Loss 0.033112758944237916
Epoch
12
Epoch time
9.069095611572266
Epoch 12, Loss 0.03169633419825307
Epoch
13
Epoch time
9.084919691085815
Epoch 13, Loss 0.032222082848553935
Epoch
14
Epoch time
9.032238245010376
Epoch 14, Loss 0.026380326774014976
Epoch
15
Epoch time
9.129021167755127
Epoch 15, Loss 0.02668334207466008
Epoch
16
Epoch time
9.067497253417969
Epoch 16, Loss 0.0230299574007707
Epoch
17
Epoch time
9.045044660568237
Epoch 17, Loss 0.023750748881551164
Epoch
18
Epoch time
9.062065601348877
Epoch 18, Loss 0.023364910835747044
Epoch
19
Epoch time
9.058687925338745
Epoch 19, Loss 0.023956619407811863
Epoch
20
Epoch time
1062.5377230644226
Epoch 20, Loss 0.02173845656225846
Epoch 20
Selections count 264
Selections(Epoch, batch)
[(20, 0), (20, 255), (20, 2), (20, 3), (20, 4), (20, 5), (20, 6), (20, 423), (20, 439), (20, 9), (20, 10), (20, 11), (20, 12), (20, 13), (20, 435), (20, 437), (20, 434), (20, 419), (20, 413), (20, 425), (20, 20), (20, 21), (20, 22), (20, 23), (20, 24), (20, 251), (20, 26), (20, 412), (20, 433), (20, 29), (20, 30), (20, 395), (20, 32), (20, 254), (20, 430), (20, 35), (20, 36), (20, 37), (20, 38), (20, 410), (20, 40), (20, 41), (20, 42), (20, 43), (20, 44), (20, 45), (20, 46), (20, 47), (20, 404), (20, 219), (20, 50), (20, 51), (20, 408), (20, 53), (20, 54), (20, 399), (20, 56), (20, 57), (20, 396), (20, 59), (20, 393), (20, 61), (20, 392), (20, 63), (20, 64), (20, 234), (20, 388), (20, 67), (20, 68), (20, 389), (20, 70), (20, 71), (20, 72), (20, 73), (20, 74), (20, 386), (20, 383), (20, 218), (20, 78), (20, 79), (20, 80), (20, 81), (20, 82), (20, 83), (20, 84), (20, 85), (20, 403), (20, 87), (20, 88), (20, 381), (20, 90), (20, 380), (20, 92), (20, 364), (20, 94), (20, 95), (20, 96), (20, 97), (20, 441), (20, 99), (20, 375), (20, 373), (20, 361), (20, 103), (20, 341), (20, 105), (20, 106), (20, 376), (20, 108), (20, 109), (20, 360), (20, 111), (20, 112), (20, 113), (20, 114), (20, 115), (20, 116), (20, 347), (20, 118), (20, 210), (20, 346), (20, 121), (20, 122), (20, 123), (20, 200), (20, 215), (20, 355), (20, 127), (20, 199), (20, 189), (20, 130), (20, 356), (20, 338), (20, 345), (20, 134), (20, 135), (20, 350), (20, 137), (20, 136), (20, 139), (20, 125), (20, 332), (20, 142), (20, 182), (20, 331), (20, 156), (20, 146), (20, 147), (20, 238), (20, 342), (20, 333), (20, 151), (20, 351), (20, 153), (20, 154), (20, 155), (20, 14), (20, 157), (20, 184), (20, 330), (20, 314), (20, 161), (20, 162), (20, 163), (20, 164), (20, 229), (20, 166), (20, 167), (20, 323), (20, 382), (20, 170), (20, 171), (20, 312), (20, 311), (20, 309), (20, 150), (20, 248), (20, 177), (20, 188), (20, 179), (20, 180), (20, 427), (20, 318), (20, 183), (20, 174), (20, 306), (20, 303), (20, 1), (20, 101), (20, 391), (20, 190), (20, 302), (20, 192), (20, 143), (20, 194), (20, 195), (20, 196), (20, 299), (20, 321), (20, 297), (20, 193), (20, 201), (20, 98), (20, 203), (20, 317), (20, 205), (20, 206), (20, 305), (20, 208), (20, 293), (20, 212), (20, 286), (20, 285), (20, 213), (20, 214), (20, 34), (20, 216), (20, 133), (20, 384), (20, 374), (20, 220), (20, 172), (20, 387), (20, 223), (20, 224), (20, 225), (20, 226), (20, 278), (20, 124), (20, 372), (20, 230), (20, 100), (20, 228), (20, 233), (20, 280), (20, 235), (20, 31), (20, 343), (20, 329), (20, 239), (20, 272), (20, 281), (20, 242), (20, 243), (20, 270), (20, 269), (20, 267), (20, 247), (20, 367), (20, 249), (20, 250), (20, 241), (20, 252), (20, 253), (20, 187), (20, 15), (20, 256), (20, 257), (20, 266), (20, 357), (20, 169), (20, 265), (20, 86), (20, 107)]
Residuals
[1.105689267680403e-15, 7.80170350671898e-16]
20
[0, 255, 2, 3, 4, 5, 6, 423, 439, 9, 10, 11, 12, 13, 435, 437, 434, 419, 413, 425, 20, 21, 22, 23, 24, 251, 26, 412, 433, 29, 30, 395, 32, 254, 430, 35, 36, 37, 38, 410, 40, 41, 42, 43, 44, 45, 46, 47, 404, 219, 50, 51, 408, 53, 54, 399, 56, 57, 396, 59, 393, 61, 392, 63, 64, 234, 388, 67, 68, 389, 70, 71, 72, 73, 74, 386, 383, 218, 78, 79, 80, 81, 82, 83, 84, 85, 403, 87, 88, 381, 90, 380, 92, 364, 94, 95, 96, 97, 441, 99, 375, 373, 361, 103, 341, 105, 106, 376, 108, 109, 360, 111, 112, 113, 114, 115, 116, 347, 118, 210, 346, 121, 122, 123, 200, 215, 355, 127, 199, 189, 130, 356, 338, 345, 134, 135, 350, 137, 136, 139, 125, 332, 142, 182, 331, 156, 146, 147, 238, 342, 333, 151, 351, 153, 154, 155, 14, 157, 184, 330, 314, 161, 162, 163, 164, 229, 166, 167, 323, 382, 170, 171, 312, 311, 309, 150, 248, 177, 188, 179, 180, 427, 318, 183, 174, 306, 303, 1, 101, 391, 190, 302, 192, 143, 194, 195, 196, 299, 321, 297, 193, 201, 98, 203, 317, 205, 206, 305, 208, 293, 212, 286, 285, 213, 214, 34, 216, 133, 384, 374, 220, 172, 387, 223, 224, 225, 226, 278, 124, 372, 230, 100, 228, 233, 280, 235, 31, 343, 329, 239, 272, 281, 242, 243, 270, 269, 267, 247, 367, 249, 250, 241, 252, 253, 187, 15, 256, 257, 266, 357, 169, 265, 86, 107]
Epoch
21
Epoch time
9.611528396606445
Epoch 21, Loss 0.02115901781634117
Epoch
22
Epoch time
9.130526304244995
Epoch 22, Loss 0.02001477349231815
Epoch
23
Epoch time
9.290452480316162
Epoch 23, Loss 0.019413850006282398
Epoch
24
Epoch time
9.263257265090942
Epoch 24, Loss 0.01859715557540767
Epoch
25
Epoch time
9.62902021408081
Epoch 25, Loss 0.017294769875746473
Epoch
26
Epoch time
9.24359130859375
Epoch 26, Loss 0.015429463744203531
Epoch
27
Epoch time
9.114083528518677
Epoch 27, Loss 0.01580821214224367
Epoch
28
Epoch time
9.131515979766846
Epoch 28, Loss 0.01651209243122139
Epoch
29
Epoch time
9.180857419967651
Epoch 29, Loss 0.017282785119981176
Epoch
30
Epoch time
9.201290369033813
Epoch 30, Loss 0.013932486377422417
Epoch
31
Epoch time
9.346237659454346
Epoch 31, Loss 0.013852317815417337
Epoch
32
Epoch time
9.163534879684448
Epoch 32, Loss 0.016483102832274502
Epoch
33
Epoch time
9.120594263076782
Epoch 33, Loss 0.01455466274430364
Epoch
34
Epoch time
9.683801889419556
Epoch 34, Loss 0.013508808084270924
Epoch
35
Epoch time
9.181816101074219
Epoch 35, Loss 0.012785723702072573
Epoch
36
Epoch time
9.097439050674438
Epoch 36, Loss 0.0114814833673942
Epoch
37
Epoch time
9.239226818084717
Epoch 37, Loss 0.012304612590451142
Epoch
38
Epoch time
9.144939184188843
Epoch 38, Loss 0.012481487456657305
Epoch
39
Epoch time
9.138755798339844
Epoch 39, Loss 0.01174487078562379
Epoch
40
Epoch time
1084.021245956421
Epoch 40, Loss 0.01282473631494213
Epoch 40
Selections count 264
Selections(Epoch, batch)
[(40, 462), (40, 255), (40, 2), (40, 3), (40, 4), (40, 5), (40, 6), (40, 423), (40, 439), (40, 9), (40, 10), (40, 11), (40, 12), (40, 13), (40, 435), (40, 437), (40, 434), (40, 419), (40, 413), (40, 425), (40, 20), (40, 21), (40, 22), (40, 23), (40, 24), (40, 251), (40, 26), (40, 412), (40, 433), (40, 29), (40, 30), (40, 426), (40, 32), (40, 254), (40, 430), (40, 35), (40, 36), (40, 37), (40, 38), (40, 410), (40, 443), (40, 41), (40, 42), (40, 43), (40, 44), (40, 45), (40, 46), (40, 47), (40, 404), (40, 219), (40, 50), (40, 51), (40, 408), (40, 53), (40, 54), (40, 399), (40, 56), (40, 57), (40, 396), (40, 59), (40, 393), (40, 61), (40, 392), (40, 63), (40, 64), (40, 234), (40, 464), (40, 67), (40, 68), (40, 389), (40, 445), (40, 71), (40, 72), (40, 73), (40, 74), (40, 386), (40, 383), (40, 218), (40, 78), (40, 79), (40, 80), (40, 81), (40, 82), (40, 83), (40, 84), (40, 85), (40, 403), (40, 87), (40, 88), (40, 381), (40, 90), (40, 409), (40, 92), (40, 364), (40, 94), (40, 95), (40, 96), (40, 97), (40, 441), (40, 99), (40, 456), (40, 373), (40, 361), (40, 103), (40, 341), (40, 105), (40, 106), (40, 376), (40, 442), (40, 109), (40, 360), (40, 111), (40, 112), (40, 113), (40, 114), (40, 115), (40, 116), (40, 347), (40, 118), (40, 397), (40, 346), (40, 459), (40, 122), (40, 123), (40, 271), (40, 215), (40, 355), (40, 127), (40, 322), (40, 189), (40, 365), (40, 356), (40, 338), (40, 345), (40, 134), (40, 135), (40, 350), (40, 137), (40, 348), (40, 266), (40, 463), (40, 332), (40, 142), (40, 452), (40, 331), (40, 156), (40, 146), (40, 147), (40, 238), (40, 342), (40, 333), (40, 151), (40, 351), (40, 153), (40, 429), (40, 155), (40, 14), (40, 157), (40, 339), (40, 330), (40, 405), (40, 161), (40, 162), (40, 163), (40, 164), (40, 229), (40, 166), (40, 167), (40, 323), (40, 382), (40, 170), (40, 171), (40, 312), (40, 311), (40, 336), (40, 150), (40, 248), (40, 177), (40, 258), (40, 179), (40, 282), (40, 427), (40, 318), (40, 183), (40, 174), (40, 306), (40, 303), (40, 1), (40, 101), (40, 391), (40, 190), (40, 302), (40, 192), (40, 143), (40, 194), (40, 195), (40, 196), (40, 299), (40, 321), (40, 424), (40, 264), (40, 201), (40, 436), (40, 203), (40, 317), (40, 205), (40, 277), (40, 305), (40, 208), (40, 448), (40, 268), (40, 286), (40, 285), (40, 213), (40, 214), (40, 34), (40, 216), (40, 133), (40, 461), (40, 91), (40, 220), (40, 421), (40, 387), (40, 93), (40, 224), (40, 225), (40, 226), (40, 278), (40, 124), (40, 372), (40, 230), (40, 69), (40, 228), (40, 233), (40, 280), (40, 235), (40, 31), (40, 343), (40, 329), (40, 239), (40, 272), (40, 444), (40, 242), (40, 295), (40, 270), (40, 334), (40, 267), (40, 398), (40, 367), (40, 455), (40, 454), (40, 241), (40, 252), (40, 261), (40, 66), (40, 15), (40, 256), (40, 257), (40, 354), (40, 357), (40, 169), (40, 265), (40, 319), (40, 107)]
Residuals
[1.105689267680403e-15, 7.80170350671898e-16, 9.004125563058962e-16]
40
[462, 255, 2, 3, 4, 5, 6, 423, 439, 9, 10, 11, 12, 13, 435, 437, 434, 419, 413, 425, 20, 21, 22, 23, 24, 251, 26, 412, 433, 29, 30, 426, 32, 254, 430, 35, 36, 37, 38, 410, 443, 41, 42, 43, 44, 45, 46, 47, 404, 219, 50, 51, 408, 53, 54, 399, 56, 57, 396, 59, 393, 61, 392, 63, 64, 234, 464, 67, 68, 389, 445, 71, 72, 73, 74, 386, 383, 218, 78, 79, 80, 81, 82, 83, 84, 85, 403, 87, 88, 381, 90, 409, 92, 364, 94, 95, 96, 97, 441, 99, 456, 373, 361, 103, 341, 105, 106, 376, 442, 109, 360, 111, 112, 113, 114, 115, 116, 347, 118, 397, 346, 459, 122, 123, 271, 215, 355, 127, 322, 189, 365, 356, 338, 345, 134, 135, 350, 137, 348, 266, 463, 332, 142, 452, 331, 156, 146, 147, 238, 342, 333, 151, 351, 153, 429, 155, 14, 157, 339, 330, 405, 161, 162, 163, 164, 229, 166, 167, 323, 382, 170, 171, 312, 311, 336, 150, 248, 177, 258, 179, 282, 427, 318, 183, 174, 306, 303, 1, 101, 391, 190, 302, 192, 143, 194, 195, 196, 299, 321, 424, 264, 201, 436, 203, 317, 205, 277, 305, 208, 448, 268, 286, 285, 213, 214, 34, 216, 133, 461, 91, 220, 421, 387, 93, 224, 225, 226, 278, 124, 372, 230, 69, 228, 233, 280, 235, 31, 343, 329, 239, 272, 444, 242, 295, 270, 334, 267, 398, 367, 455, 454, 241, 252, 261, 66, 15, 256, 257, 354, 357, 169, 265, 319, 107]
Epoch
41
Epoch time
9.62642240524292
Epoch 41, Loss 0.011713644931975674
Epoch
42
Epoch time
9.174363136291504
Epoch 42, Loss 0.011263735877206879
Epoch
43
Epoch time
9.069133043289185
Epoch 43, Loss 0.010238124763247166
Epoch
44
Epoch time
9.26639437675476
Epoch 44, Loss 0.011132551202391976
Epoch
45
Epoch time
9.544836282730103
Epoch 45, Loss 0.011128829571471216
Epoch
46
Epoch time
9.322856664657593
Epoch 46, Loss 0.009709880164189144
Epoch
47
Epoch time
9.303455352783203
Epoch 47, Loss 0.009691291101620057
Epoch
48
Epoch time
9.095547437667847
Epoch 48, Loss 0.009801780107712451
Epoch
49
Epoch time
9.168482303619385
Epoch 49, Loss 0.011604729797269708
Epoch
50
Epoch time
9.110650777816772
Epoch 50, Loss 0.010273834812154898
Epoch
51
Epoch time
9.072941780090332
Epoch 51, Loss 0.009685236785547507
Epoch
52
Epoch time
9.082072257995605
Epoch 52, Loss 0.009229190702109235
Epoch
53
Epoch time
9.060471534729004
Epoch 53, Loss 0.009865104496821004
Epoch
54
Epoch time
9.110713958740234
Epoch 54, Loss 0.00831896704010281
Epoch
55
Epoch time
9.330240726470947
Epoch 55, Loss 0.009119790020679374
Epoch
56
Epoch time
9.124464750289917
Epoch 56, Loss 0.00984464338747254
Epoch
57
Epoch time
9.069114923477173
Epoch 57, Loss 0.008835725897777138
Epoch
58
Epoch time
9.05266284942627
Epoch 58, Loss 0.00926962351034869
Epoch
59
Epoch time
9.069509983062744
Epoch 59, Loss 0.008513738268140211
Epoch
60
Epoch time
1086.472742319107
Epoch 60, Loss 0.00918746647353828
Epoch 60
Selections count 264
Selections(Epoch, batch)
[(60, 462), (60, 255), (60, 2), (60, 3), (60, 4), (60, 5), (60, 6), (60, 423), (60, 439), (60, 9), (60, 10), (60, 11), (60, 12), (60, 13), (60, 435), (60, 437), (60, 434), (60, 419), (60, 413), (60, 425), (60, 20), (60, 21), (60, 22), (60, 23), (60, 24), (60, 251), (60, 26), (60, 412), (60, 433), (60, 29), (60, 30), (60, 426), (60, 32), (60, 254), (60, 430), (60, 477), (60, 36), (60, 37), (60, 38), (60, 410), (60, 443), (60, 41), (60, 42), (60, 43), (60, 44), (60, 45), (60, 46), (60, 273), (60, 404), (60, 219), (60, 50), (60, 51), (60, 408), (60, 53), (60, 54), (60, 399), (60, 56), (60, 57), (60, 396), (60, 59), (60, 393), (60, 61), (60, 392), (60, 63), (60, 293), (60, 234), (60, 464), (60, 67), (60, 68), (60, 389), (60, 445), (60, 71), (60, 72), (60, 73), (60, 74), (60, 386), (60, 383), (60, 218), (60, 78), (60, 79), (60, 80), (60, 81), (60, 82), (60, 83), (60, 84), (60, 85), (60, 403), (60, 87), (60, 88), (60, 381), (60, 90), (60, 409), (60, 92), (60, 364), (60, 94), (60, 95), (60, 96), (60, 97), (60, 441), (60, 99), (60, 456), (60, 373), (60, 478), (60, 103), (60, 341), (60, 105), (60, 106), (60, 376), (60, 442), (60, 109), (60, 360), (60, 111), (60, 112), (60, 113), (60, 114), (60, 115), (60, 116), (60, 347), (60, 118), (60, 484), (60, 346), (60, 459), (60, 122), (60, 123), (60, 479), (60, 215), (60, 355), (60, 127), (60, 322), (60, 189), (60, 476), (60, 356), (60, 338), (60, 345), (60, 134), (60, 135), (60, 350), (60, 137), (60, 269), (60, 266), (60, 463), (60, 332), (60, 142), (60, 452), (60, 480), (60, 156), (60, 146), (60, 147), (60, 238), (60, 342), (60, 333), (60, 475), (60, 351), (60, 153), (60, 429), (60, 155), (60, 14), (60, 157), (60, 339), (60, 253), (60, 405), (60, 161), (60, 162), (60, 163), (60, 164), (60, 229), (60, 166), (60, 313), (60, 323), (60, 382), (60, 483), (60, 171), (60, 312), (60, 311), (60, 308), (60, 150), (60, 248), (60, 177), (60, 188), (60, 179), (60, 474), (60, 427), (60, 318), (60, 183), (60, 174), (60, 306), (60, 303), (60, 1), (60, 101), (60, 391), (60, 190), (60, 302), (60, 192), (60, 139), (60, 194), (60, 195), (60, 196), (60, 299), (60, 321), (60, 424), (60, 264), (60, 201), (60, 436), (60, 203), (60, 317), (60, 205), (60, 277), (60, 305), (60, 374), (60, 487), (60, 295), (60, 286), (60, 285), (60, 213), (60, 214), (60, 34), (60, 216), (60, 133), (60, 461), (60, 91), (60, 220), (60, 421), (60, 387), (60, 93), (60, 224), (60, 225), (60, 226), (60, 278), (60, 124), (60, 467), (60, 263), (60, 469), (60, 283), (60, 233), (60, 280), (60, 468), (60, 417), (60, 343), (60, 329), (60, 239), (60, 470), (60, 444), (60, 465), (60, 260), (60, 270), (60, 334), (60, 267), (60, 398), (60, 367), (60, 455), (60, 454), (60, 241), (60, 252), (60, 250), (60, 100), (60, 15), (60, 256), (60, 257), (60, 354), (60, 357), (60, 187), (60, 265), (60, 319), (60, 450)]
Residuals
[1.105689267680403e-15, 7.80170350671898e-16, 9.004125563058962e-16, 5.965843880674971e-16]
60
[462, 255, 2, 3, 4, 5, 6, 423, 439, 9, 10, 11, 12, 13, 435, 437, 434, 419, 413, 425, 20, 21, 22, 23, 24, 251, 26, 412, 433, 29, 30, 426, 32, 254, 430, 477, 36, 37, 38, 410, 443, 41, 42, 43, 44, 45, 46, 273, 404, 219, 50, 51, 408, 53, 54, 399, 56, 57, 396, 59, 393, 61, 392, 63, 293, 234, 464, 67, 68, 389, 445, 71, 72, 73, 74, 386, 383, 218, 78, 79, 80, 81, 82, 83, 84, 85, 403, 87, 88, 381, 90, 409, 92, 364, 94, 95, 96, 97, 441, 99, 456, 373, 478, 103, 341, 105, 106, 376, 442, 109, 360, 111, 112, 113, 114, 115, 116, 347, 118, 484, 346, 459, 122, 123, 479, 215, 355, 127, 322, 189, 476, 356, 338, 345, 134, 135, 350, 137, 269, 266, 463, 332, 142, 452, 480, 156, 146, 147, 238, 342, 333, 475, 351, 153, 429, 155, 14, 157, 339, 253, 405, 161, 162, 163, 164, 229, 166, 313, 323, 382, 483, 171, 312, 311, 308, 150, 248, 177, 188, 179, 474, 427, 318, 183, 174, 306, 303, 1, 101, 391, 190, 302, 192, 139, 194, 195, 196, 299, 321, 424, 264, 201, 436, 203, 317, 205, 277, 305, 374, 487, 295, 286, 285, 213, 214, 34, 216, 133, 461, 91, 220, 421, 387, 93, 224, 225, 226, 278, 124, 467, 263, 469, 283, 233, 280, 468, 417, 343, 329, 239, 470, 444, 465, 260, 270, 334, 267, 398, 367, 455, 454, 241, 252, 250, 100, 15, 256, 257, 354, 357, 187, 265, 319, 450]
Epoch
61
Epoch time
9.223273038864136
Epoch 61, Loss 0.008268797794739081
Epoch
62
Epoch time
9.072125911712646
Epoch 62, Loss 0.007883672154267742
Epoch
63
Epoch time
9.088946104049683
Epoch 63, Loss 0.008333505768872177
Epoch
64
Epoch time
9.576596021652222
Epoch 64, Loss 0.008856418103903252
Epoch
65
Epoch time
9.384064674377441
Epoch 65, Loss 0.007440515619282451
Epoch
66
Epoch time
9.109660148620605
Epoch 66, Loss 0.007386240945979049
Epoch
67
Epoch time
9.20777702331543
Epoch 67, Loss 0.007938487160084834
Epoch
68
Epoch time
9.086884498596191
Epoch 68, Loss 0.00757135846437374
Epoch
69
Epoch time
9.072762727737427
Epoch 69, Loss 0.007892354338476177
Epoch
70
Epoch time
9.128147602081299
Epoch 70, Loss 0.00720851388196877
Epoch
71
Epoch time
9.10036039352417
Epoch 71, Loss 0.007234739362609541
Epoch
72
Epoch time
9.067396879196167
Epoch 72, Loss 0.007571755213080754
Epoch
73
Epoch time
9.05092167854309
Epoch 73, Loss 0.006841895566847711
Epoch
74
Epoch time
9.057871580123901
Epoch 74, Loss 0.00635136504145521
Epoch
75
Epoch time
9.099761486053467
Epoch 75, Loss 0.0077768644180438665
Epoch
76
Epoch time
9.060939073562622
Epoch 76, Loss 0.007267421757893544
Epoch
77
Epoch time
9.080501317977905
Epoch 77, Loss 0.008002451008933917
Epoch
78
Epoch time
9.064043521881104
Epoch 78, Loss 0.0063781597138672435
Epoch
79
Epoch time
9.063194990158081
Epoch 79, Loss 0.00681490997806236
Epoch
80
Epoch time
1089.1324155330658
Epoch 80, Loss 0.006967687482638354
Epoch 80
Selections count 264
Selections(Epoch, batch)
[(80, 462), (80, 255), (80, 2), (80, 3), (80, 4), (80, 5), (80, 6), (80, 423), (80, 439), (80, 9), (80, 10), (80, 507), (80, 12), (80, 514), (80, 501), (80, 437), (80, 518), (80, 419), (80, 538), (80, 425), (80, 20), (80, 21), (80, 524), (80, 23), (80, 24), (80, 537), (80, 26), (80, 412), (80, 500), (80, 29), (80, 30), (80, 492), (80, 32), (80, 254), (80, 430), (80, 477), (80, 36), (80, 37), (80, 536), (80, 410), (80, 443), (80, 517), (80, 42), (80, 43), (80, 44), (80, 45), (80, 515), (80, 273), (80, 487), (80, 219), (80, 50), (80, 51), (80, 408), (80, 53), (80, 54), (80, 399), (80, 56), (80, 57), (80, 396), (80, 59), (80, 393), (80, 61), (80, 392), (80, 98), (80, 293), (80, 234), (80, 464), (80, 67), (80, 68), (80, 389), (80, 445), (80, 282), (80, 72), (80, 73), (80, 534), (80, 386), (80, 383), (80, 218), (80, 78), (80, 79), (80, 80), (80, 81), (80, 82), (80, 83), (80, 84), (80, 526), (80, 403), (80, 87), (80, 88), (80, 381), (80, 90), (80, 409), (80, 92), (80, 364), (80, 94), (80, 95), (80, 96), (80, 97), (80, 441), (80, 99), (80, 456), (80, 373), (80, 263), (80, 103), (80, 341), (80, 105), (80, 106), (80, 376), (80, 442), (80, 509), (80, 360), (80, 111), (80, 112), (80, 113), (80, 114), (80, 115), (80, 116), (80, 347), (80, 118), (80, 243), (80, 346), (80, 261), (80, 122), (80, 123), (80, 479), (80, 215), (80, 355), (80, 127), (80, 435), (80, 189), (80, 476), (80, 356), (80, 338), (80, 242), (80, 134), (80, 135), (80, 523), (80, 512), (80, 269), (80, 266), (80, 463), (80, 332), (80, 142), (80, 404), (80, 480), (80, 156), (80, 146), (80, 260), (80, 238), (80, 342), (80, 333), (80, 235), (80, 351), (80, 153), (80, 429), (80, 155), (80, 14), (80, 157), (80, 533), (80, 253), (80, 405), (80, 161), (80, 182), (80, 163), (80, 164), (80, 258), (80, 166), (80, 505), (80, 323), (80, 382), (80, 483), (80, 171), (80, 312), (80, 311), (80, 319), (80, 150), (80, 248), (80, 177), (80, 76), (80, 179), (80, 474), (80, 427), (80, 318), (80, 183), (80, 174), (80, 306), (80, 303), (80, 1), (80, 101), (80, 391), (80, 190), (80, 302), (80, 192), (80, 496), (80, 194), (80, 195), (80, 499), (80, 299), (80, 321), (80, 424), (80, 527), (80, 201), (80, 436), (80, 203), (80, 317), (80, 205), (80, 508), (80, 305), (80, 529), (80, 228), (80, 295), (80, 286), (80, 465), (80, 213), (80, 214), (80, 34), (80, 532), (80, 133), (80, 461), (80, 91), (80, 220), (80, 421), (80, 444), (80, 471), (80, 224), (80, 225), (80, 226), (80, 278), (80, 124), (80, 506), (80, 498), (80, 107), (80, 283), (80, 233), (80, 280), (80, 212), (80, 230), (80, 343), (80, 69), (80, 239), (80, 470), (80, 491), (80, 372), (80, 336), (80, 272), (80, 334), (80, 422), (80, 398), (80, 367), (80, 455), (80, 454), (80, 519), (80, 252), (80, 250), (80, 100), (80, 15), (80, 256), (80, 257), (80, 354), (80, 357), (80, 208), (80, 265), (80, 329), (80, 7)]
Residuals
[1.105689267680403e-15, 7.80170350671898e-16, 9.004125563058962e-16, 5.965843880674971e-16, 1.3469196206967337e-15]
80
[462, 255, 2, 3, 4, 5, 6, 423, 439, 9, 10, 507, 12, 514, 501, 437, 518, 419, 538, 425, 20, 21, 524, 23, 24, 537, 26, 412, 500, 29, 30, 492, 32, 254, 430, 477, 36, 37, 536, 410, 443, 517, 42, 43, 44, 45, 515, 273, 487, 219, 50, 51, 408, 53, 54, 399, 56, 57, 396, 59, 393, 61, 392, 98, 293, 234, 464, 67, 68, 389, 445, 282, 72, 73, 534, 386, 383, 218, 78, 79, 80, 81, 82, 83, 84, 526, 403, 87, 88, 381, 90, 409, 92, 364, 94, 95, 96, 97, 441, 99, 456, 373, 263, 103, 341, 105, 106, 376, 442, 509, 360, 111, 112, 113, 114, 115, 116, 347, 118, 243, 346, 261, 122, 123, 479, 215, 355, 127, 435, 189, 476, 356, 338, 242, 134, 135, 523, 512, 269, 266, 463, 332, 142, 404, 480, 156, 146, 260, 238, 342, 333, 235, 351, 153, 429, 155, 14, 157, 533, 253, 405, 161, 182, 163, 164, 258, 166, 505, 323, 382, 483, 171, 312, 311, 319, 150, 248, 177, 76, 179, 474, 427, 318, 183, 174, 306, 303, 1, 101, 391, 190, 302, 192, 496, 194, 195, 499, 299, 321, 424, 527, 201, 436, 203, 317, 205, 508, 305, 529, 228, 295, 286, 465, 213, 214, 34, 532, 133, 461, 91, 220, 421, 444, 471, 224, 225, 226, 278, 124, 506, 498, 107, 283, 233, 280, 212, 230, 343, 69, 239, 470, 491, 372, 336, 272, 334, 422, 398, 367, 455, 454, 519, 252, 250, 100, 15, 256, 257, 354, 357, 208, 265, 329, 7]
Epoch
81
Epoch time
9.503582954406738
Epoch 81, Loss 0.006232159528901017
Epoch
82
Epoch time
9.087012529373169
Epoch 82, Loss 0.0066067523666256045
Epoch
83
Epoch time
9.04975962638855
Epoch 83, Loss 0.007195266548033554
Epoch
84
Epoch time
9.079277276992798
Epoch 84, Loss 0.005793195327790386
Epoch
85
Epoch time
9.170051574707031
Epoch 85, Loss 0.0061890739304249105
Epoch
86
Epoch time
9.050742626190186
Epoch 86, Loss 0.006290056090228593
Epoch
87
Epoch time
9.048982381820679
Epoch 87, Loss 0.0061060644785292575
Epoch
88
Epoch time
9.06460189819336
Epoch 88, Loss 0.0057359171577580055
Epoch
89
Epoch time
9.045191049575806
Epoch 89, Loss 0.006412144837490814
Epoch
90
Epoch time
9.091298580169678
Epoch 90, Loss 0.005891981242551102
Epoch
91
Epoch time
9.09171986579895
Epoch 91, Loss 0.0054873304802280625
Epoch
92
Epoch time
9.076135396957397
Epoch 92, Loss 0.006614231808186067
Epoch
93
Epoch time
9.23716115951538
Epoch 93, Loss 0.005736957133175148
Epoch
94
Epoch time
9.129677772521973
Epoch 94, Loss 0.006318798503023686
Epoch
95
Epoch time
9.11309289932251
Epoch 95, Loss 0.006336311243701782
Epoch
96
Epoch time
9.028543949127197
Epoch 96, Loss 0.0052786894869665466
Epoch
97
Epoch time
9.093698978424072
Epoch 97, Loss 0.005678146602654787
Epoch
98
Epoch time
9.010892629623413
Epoch 98, Loss 0.00640051012854111
Epoch
99
Epoch time
9.016495943069458
Epoch 99, Loss 0.0053035904085155985
Epoch
100
Epoch time
1083.5231556892395
Epoch 100, Loss 0.005767094559215498
Epoch 100
Selections count 264
Selections(Epoch, batch)
[(100, 462), (100, 520), (100, 2), (100, 629), (100, 4), (100, 652), (100, 6), (100, 423), (100, 439), (100, 9), (100, 10), (100, 640), (100, 645), (100, 653), (100, 472), (100, 437), (100, 657), (100, 419), (100, 593), (100, 575), (100, 20), (100, 21), (100, 524), (100, 23), (100, 24), (100, 537), (100, 26), (100, 412), (100, 500), (100, 29), (100, 30), (100, 634), (100, 32), (100, 628), (100, 430), (100, 477), (100, 36), (100, 37), (100, 536), (100, 626), (100, 443), (100, 517), (100, 42), (100, 43), (100, 44), (100, 45), (100, 515), (100, 273), (100, 598), (100, 219), (100, 50), (100, 584), (100, 249), (100, 53), (100, 54), (100, 399), (100, 56), (100, 57), (100, 396), (100, 59), (100, 393), (100, 61), (100, 392), (100, 619), (100, 293), (100, 234), (100, 464), (100, 67), (100, 597), (100, 389), (100, 445), (100, 282), (100, 72), (100, 73), (100, 583), (100, 386), (100, 383), (100, 218), (100, 78), (100, 79), (100, 80), (100, 81), (100, 82), (100, 83), (100, 84), (100, 526), (100, 617), (100, 87), (100, 88), (100, 381), (100, 570), (100, 409), (100, 569), (100, 364), (100, 94), (100, 95), (100, 96), (100, 97), (100, 470), (100, 99), (100, 456), (100, 373), (100, 263), (100, 624), (100, 341), (100, 105), (100, 106), (100, 376), (100, 442), (100, 509), (100, 360), (100, 111), (100, 112), (100, 113), (100, 114), (100, 115), (100, 116), (100, 388), (100, 118), (100, 603), (100, 565), (100, 612), (100, 122), (100, 123), (100, 479), (100, 591), (100, 355), (100, 280), (100, 651), (100, 461), (100, 476), (100, 356), (100, 338), (100, 632), (100, 134), (100, 135), (100, 523), (100, 512), (100, 269), (100, 266), (100, 463), (100, 332), (100, 648), (100, 244), (100, 480), (100, 633), (100, 146), (100, 493), (100, 578), (100, 342), (100, 333), (100, 235), (100, 351), (100, 153), (100, 285), (100, 155), (100, 14), (100, 157), (100, 533), (100, 253), (100, 405), (100, 631), (100, 182), (100, 163), (100, 164), (100, 594), (100, 166), (100, 505), (100, 323), (100, 382), (100, 483), (100, 171), (100, 312), (100, 596), (100, 319), (100, 150), (100, 248), (100, 177), (100, 277), (100, 179), (100, 474), (100, 229), (100, 318), (100, 183), (100, 174), (100, 306), (100, 303), (100, 1), (100, 548), (100, 391), (100, 190), (100, 434), (100, 192), (100, 496), (100, 194), (100, 195), (100, 499), (100, 305), (100, 321), (100, 424), (100, 527), (100, 201), (100, 178), (100, 621), (100, 317), (100, 205), (100, 508), (100, 252), (100, 590), (100, 378), (100, 586), (100, 286), (100, 465), (100, 213), (100, 549), (100, 34), (100, 532), (100, 133), (100, 375), (100, 91), (100, 220), (100, 659), (100, 444), (100, 471), (100, 224), (100, 225), (100, 226), (100, 647), (100, 124), (100, 506), (100, 498), (100, 107), (100, 283), (100, 233), (100, 564), (100, 187), (100, 541), (100, 343), (100, 69), (100, 239), (100, 639), (100, 547), (100, 540), (100, 638), (100, 272), (100, 334), (100, 172), (100, 545), (100, 367), (100, 455), (100, 454), (100, 562), (100, 543), (100, 250), (100, 100), (100, 574), (100, 256), (100, 257), (100, 658), (100, 357), (100, 501), (100, 265), (100, 329), (100, 550)]
Residuals
[1.105689267680403e-15, 7.80170350671898e-16, 9.004125563058962e-16, 5.965843880674971e-16, 1.3469196206967337e-15, 8.762943459504331e-16]
100
[462, 520, 2, 629, 4, 652, 6, 423, 439, 9, 10, 640, 645, 653, 472, 437, 657, 419, 593, 575, 20, 21, 524, 23, 24, 537, 26, 412, 500, 29, 30, 634, 32, 628, 430, 477, 36, 37, 536, 626, 443, 517, 42, 43, 44, 45, 515, 273, 598, 219, 50, 584, 249, 53, 54, 399, 56, 57, 396, 59, 393, 61, 392, 619, 293, 234, 464, 67, 597, 389, 445, 282, 72, 73, 583, 386, 383, 218, 78, 79, 80, 81, 82, 83, 84, 526, 617, 87, 88, 381, 570, 409, 569, 364, 94, 95, 96, 97, 470, 99, 456, 373, 263, 624, 341, 105, 106, 376, 442, 509, 360, 111, 112, 113, 114, 115, 116, 388, 118, 603, 565, 612, 122, 123, 479, 591, 355, 280, 651, 461, 476, 356, 338, 632, 134, 135, 523, 512, 269, 266, 463, 332, 648, 244, 480, 633, 146, 493, 578, 342, 333, 235, 351, 153, 285, 155, 14, 157, 533, 253, 405, 631, 182, 163, 164, 594, 166, 505, 323, 382, 483, 171, 312, 596, 319, 150, 248, 177, 277, 179, 474, 229, 318, 183, 174, 306, 303, 1, 548, 391, 190, 434, 192, 496, 194, 195, 499, 305, 321, 424, 527, 201, 178, 621, 317, 205, 508, 252, 590, 378, 586, 286, 465, 213, 549, 34, 532, 133, 375, 91, 220, 659, 444, 471, 224, 225, 226, 647, 124, 506, 498, 107, 283, 233, 564, 187, 541, 343, 69, 239, 639, 547, 540, 638, 272, 334, 172, 545, 367, 455, 454, 562, 543, 250, 100, 574, 256, 257, 658, 357, 501, 265, 329, 550]
Epoch
101
Epoch time
9.234415531158447
Epoch 101, Loss 0.0058238242555589655
Epoch
102
Epoch time
9.103407621383667
Epoch 102, Loss 0.0060576527986575006
Epoch
103
Epoch time
9.10131549835205
Epoch 103, Loss 0.004875946792474603
Epoch
104
Epoch time
9.096277236938477
Epoch 104, Loss 0.005965260321063207
Epoch
105
Epoch time
9.148388862609863
Epoch 105, Loss 0.004928007917188211
Epoch
106
Epoch time
9.094780445098877
Epoch 106, Loss 0.005464752701422561
Epoch
107
Epoch time
9.100500106811523
Epoch 107, Loss 0.0051090043872999286
Epoch
108
Epoch time
9.075671195983887
Epoch 108, Loss 0.0054721723586973305
Epoch
109
Epoch time
9.085021257400513
Epoch 109, Loss 0.005513003491864386
Epoch
110
Epoch time
9.29889178276062
Epoch 110, Loss 0.005744635592345351
Epoch
111
Epoch time
9.052841186523438
Epoch 111, Loss 0.00483018440747306
Epoch
112
Epoch time
9.182222366333008
Epoch 112, Loss 0.005887034002738194
Epoch
113
Epoch time
9.31333875656128
Epoch 113, Loss 0.0054105035279170014
Epoch
114
Epoch time
9.723210573196411
Epoch 114, Loss 0.005435303137187854
Epoch
115
Epoch time
9.631232261657715
Epoch 115, Loss 0.005324503511678742
Epoch
116
Epoch time
9.259844779968262
Epoch 116, Loss 0.005529658997141217
Epoch
117
Epoch time
9.081650733947754
Epoch 117, Loss 0.004465713987788907
Epoch
118
Epoch time
9.10952877998352
Epoch 118, Loss 0.004962673368171171
Epoch
119
Epoch time
9.087100267410278
Epoch 119, Loss 0.0038581784213079116
Epoch
120
Epoch time
1082.0031661987305
Epoch 120, Loss 0.004921932776160437
Epoch 120
Selections count 264
Selections(Epoch, batch)
[(120, 462), (120, 520), (120, 2), (120, 629), (120, 4), (120, 652), (120, 6), (120, 423), (120, 439), (120, 9), (120, 10), (120, 559), (120, 561), (120, 560), (120, 613), (120, 437), (120, 657), (120, 609), (120, 593), (120, 575), (120, 20), (120, 21), (120, 524), (120, 23), (120, 24), (120, 537), (120, 425), (120, 412), (120, 500), (120, 29), (120, 30), (120, 634), (120, 32), (120, 628), (120, 430), (120, 518), (120, 36), (120, 557), (120, 536), (120, 626), (120, 443), (120, 517), (120, 42), (120, 43), (120, 44), (120, 45), (120, 515), (120, 273), (120, 598), (120, 219), (120, 50), (120, 563), (120, 156), (120, 53), (120, 54), (120, 399), (120, 56), (120, 57), (120, 396), (120, 59), (120, 393), (120, 346), (120, 392), (120, 619), (120, 293), (120, 234), (120, 436), (120, 67), (120, 597), (120, 389), (120, 445), (120, 101), (120, 72), (120, 73), (120, 583), (120, 386), (120, 383), (120, 218), (120, 78), (120, 79), (120, 80), (120, 81), (120, 82), (120, 83), (120, 84), (120, 526), (120, 299), (120, 87), (120, 88), (120, 381), (120, 570), (120, 409), (120, 569), (120, 552), (120, 94), (120, 95), (120, 96), (120, 97), (120, 470), (120, 99), (120, 456), (120, 373), (120, 263), (120, 278), (120, 341), (120, 105), (120, 106), (120, 376), (120, 442), (120, 509), (120, 360), (120, 111), (120, 112), (120, 113), (120, 114), (120, 115), (120, 116), (120, 388), (120, 118), (120, 592), (120, 565), (120, 161), (120, 122), (120, 123), (120, 479), (120, 591), (120, 355), (120, 280), (120, 651), (120, 461), (120, 476), (120, 356), (120, 311), (120, 632), (120, 134), (120, 260), (120, 523), (120, 512), (120, 269), (120, 266), (120, 463), (120, 332), (120, 614), (120, 12), (120, 480), (120, 633), (120, 146), (120, 254), (120, 578), (120, 342), (120, 333), (120, 235), (120, 351), (120, 76), (120, 285), (120, 155), (120, 14), (120, 157), (120, 533), (120, 253), (120, 405), (120, 631), (120, 182), (120, 163), (120, 164), (120, 594), (120, 543), (120, 505), (120, 323), (120, 382), (120, 483), (120, 171), (120, 312), (120, 596), (120, 422), (120, 150), (120, 640), (120, 177), (120, 588), (120, 540), (120, 474), (120, 464), (120, 318), (120, 183), (120, 174), (120, 306), (120, 303), (120, 1), (120, 548), (120, 391), (120, 190), (120, 3), (120, 192), (120, 616), (120, 194), (120, 195), (120, 499), (120, 305), (120, 321), (120, 424), (120, 527), (120, 201), (120, 281), (120, 621), (120, 317), (120, 205), (120, 508), (120, 252), (120, 68), (120, 612), (120, 586), (120, 286), (120, 465), (120, 213), (120, 656), (120, 261), (120, 532), (120, 133), (120, 643), (120, 91), (120, 220), (120, 574), (120, 444), (120, 139), (120, 224), (120, 225), (120, 226), (120, 647), (120, 611), (120, 506), (120, 498), (120, 550), (120, 283), (120, 233), (120, 564), (120, 302), (120, 541), (120, 343), (120, 539), (120, 239), (120, 639), (120, 547), (120, 354), (120, 638), (120, 272), (120, 334), (120, 529), (120, 270), (120, 367), (120, 455), (120, 454), (120, 562), (120, 491), (120, 329), (120, 100), (120, 654), (120, 256), (120, 257), (120, 658), (120, 357), (120, 655), (120, 265), (120, 659), (120, 507)]
Residuals
[1.105689267680403e-15, 7.80170350671898e-16, 9.004125563058962e-16, 5.965843880674971e-16, 1.3469196206967337e-15, 8.762943459504331e-16, 8.955874246013396e-16]
120
[462, 520, 2, 629, 4, 652, 6, 423, 439, 9, 10, 559, 561, 560, 613, 437, 657, 609, 593, 575, 20, 21, 524, 23, 24, 537, 425, 412, 500, 29, 30, 634, 32, 628, 430, 518, 36, 557, 536, 626, 443, 517, 42, 43, 44, 45, 515, 273, 598, 219, 50, 563, 156, 53, 54, 399, 56, 57, 396, 59, 393, 346, 392, 619, 293, 234, 436, 67, 597, 389, 445, 101, 72, 73, 583, 386, 383, 218, 78, 79, 80, 81, 82, 83, 84, 526, 299, 87, 88, 381, 570, 409, 569, 552, 94, 95, 96, 97, 470, 99, 456, 373, 263, 278, 341, 105, 106, 376, 442, 509, 360, 111, 112, 113, 114, 115, 116, 388, 118, 592, 565, 161, 122, 123, 479, 591, 355, 280, 651, 461, 476, 356, 311, 632, 134, 260, 523, 512, 269, 266, 463, 332, 614, 12, 480, 633, 146, 254, 578, 342, 333, 235, 351, 76, 285, 155, 14, 157, 533, 253, 405, 631, 182, 163, 164, 594, 543, 505, 323, 382, 483, 171, 312, 596, 422, 150, 640, 177, 588, 540, 474, 464, 318, 183, 174, 306, 303, 1, 548, 391, 190, 3, 192, 616, 194, 195, 499, 305, 321, 424, 527, 201, 281, 621, 317, 205, 508, 252, 68, 612, 586, 286, 465, 213, 656, 261, 532, 133, 643, 91, 220, 574, 444, 139, 224, 225, 226, 647, 611, 506, 498, 550, 283, 233, 564, 302, 541, 343, 539, 239, 639, 547, 354, 638, 272, 334, 529, 270, 367, 455, 454, 562, 491, 329, 100, 654, 256, 257, 658, 357, 655, 265, 659, 507]
Epoch
121
Epoch time
9.22256875038147
Epoch 121, Loss 0.005238298173156816
Epoch
122
Epoch time
9.072783470153809
Epoch 122, Loss 0.004987185562178193
Epoch
123
Epoch time
9.082754611968994
Epoch 123, Loss 0.0044067193908528665
Epoch
124
Epoch time
9.087809085845947
Epoch 124, Loss 0.0046457047918870365
Epoch
125
Epoch time
9.16286826133728
Epoch 125, Loss 0.005152051526332263
Epoch
126
Epoch time
9.088392972946167
Epoch 126, Loss 0.005303670515601506
Epoch
127
Epoch time
9.083306074142456
Epoch 127, Loss 0.004825849096975965
Epoch
128
Epoch time
9.07706356048584
Epoch 128, Loss 0.004511353297162799
Epoch
129
Epoch time
9.238733053207397
Epoch 129, Loss 0.004051228013611829
Epoch
130
Epoch time
9.118452787399292
Epoch 130, Loss 0.0039854221305463495
Epoch
131
Epoch time
10.04271912574768
Epoch 131, Loss 0.00414787589146511
Epoch
132
Epoch time
9.255454301834106
Epoch 132, Loss 0.004940851768722136
Epoch
133
Epoch time
9.273097515106201
Epoch 133, Loss 0.004397358540542058
Epoch
134
Epoch time
9.083853244781494
Epoch 134, Loss 0.004363640732116464
Epoch
135
Epoch time
9.117796659469604
Epoch 135, Loss 0.004453286353678128
Epoch
136
Epoch time
9.08790111541748
Epoch 136, Loss 0.004108999418684149
Epoch
137
Epoch time
9.104048252105713
Epoch 137, Loss 0.005131266075475732
Epoch
138
Epoch time
9.066396474838257
Epoch 138, Loss 0.004446990655534245
Epoch
139
Epoch time
9.145665884017944
Epoch 139, Loss 0.005081951654238826
Epoch
140
Epoch time
1067.8686945438385
Epoch 140, Loss 0.004405194109464077
Epoch 140
Selections count 264
Selections(Epoch, batch)
[(140, 462), (140, 322), (140, 390), (140, 629), (140, 4), (140, 652), (140, 284), (140, 423), (140, 439), (140, 9), (140, 419), (140, 438), (140, 656), (140, 659), (140, 635), (140, 632), (140, 611), (140, 609), (140, 593), (140, 575), (140, 20), (140, 21), (140, 524), (140, 23), (140, 24), (140, 537), (140, 425), (140, 412), (140, 500), (140, 496), (140, 30), (140, 634), (140, 32), (140, 628), (140, 430), (140, 518), (140, 36), (140, 248), (140, 242), (140, 626), (140, 443), (140, 517), (140, 42), (140, 43), (140, 380), (140, 127), (140, 515), (140, 230), (140, 598), (140, 219), (140, 50), (140, 92), (140, 156), (140, 53), (140, 54), (140, 399), (140, 56), (140, 57), (140, 396), (140, 59), (140, 393), (140, 346), (140, 392), (140, 619), (140, 293), (140, 564), (140, 605), (140, 67), (140, 597), (140, 389), (140, 445), (140, 101), (140, 72), (140, 73), (140, 583), (140, 386), (140, 383), (140, 218), (140, 78), (140, 79), (140, 80), (140, 81), (140, 82), (140, 83), (140, 84), (140, 526), (140, 223), (140, 87), (140, 88), (140, 381), (140, 570), (140, 467), (140, 569), (140, 409), (140, 94), (140, 95), (140, 96), (140, 97), (140, 470), (140, 99), (140, 456), (140, 373), (140, 263), (140, 278), (140, 341), (140, 105), (140, 106), (140, 376), (140, 442), (140, 509), (140, 360), (140, 111), (140, 112), (140, 113), (140, 114), (140, 115), (140, 116), (140, 388), (140, 118), (140, 172), (140, 565), (140, 560), (140, 122), (140, 123), (140, 479), (140, 591), (140, 355), (140, 280), (140, 250), (140, 461), (140, 476), (140, 356), (140, 311), (140, 590), (140, 134), (140, 260), (140, 523), (140, 512), (140, 269), (140, 266), (140, 463), (140, 332), (140, 212), (140, 12), (140, 480), (140, 633), (140, 146), (140, 69), (140, 578), (140, 342), (140, 333), (140, 235), (140, 351), (140, 492), (140, 285), (140, 155), (140, 14), (140, 157), (140, 533), (140, 214), (140, 108), (140, 631), (140, 182), (140, 163), (140, 164), (140, 594), (140, 543), (140, 175), (140, 323), (140, 516), (140, 483), (140, 171), (140, 312), (140, 596), (140, 398), (140, 150), (140, 107), (140, 177), (140, 588), (140, 540), (140, 474), (140, 464), (140, 318), (140, 183), (140, 174), (140, 306), (140, 303), (140, 617), (140, 548), (140, 391), (140, 190), (140, 505), (140, 192), (140, 364), (140, 584), (140, 195), (140, 499), (140, 433), (140, 220), (140, 424), (140, 501), (140, 549), (140, 506), (140, 621), (140, 317), (140, 205), (140, 508), (140, 252), (140, 347), (140, 612), (140, 586), (140, 313), (140, 545), (140, 213), (140, 534), (140, 471), (140, 532), (140, 133), (140, 34), (140, 603), (140, 657), (140, 450), (140, 529), (140, 354), (140, 224), (140, 653), (140, 226), (140, 647), (140, 265), (140, 249), (140, 498), (140, 550), (140, 283), (140, 233), (140, 465), (140, 655), (140, 541), (140, 343), (140, 539), (140, 307), (140, 639), (140, 547), (140, 405), (140, 638), (140, 272), (140, 334), (140, 153), (140, 435), (140, 367), (140, 455), (140, 454), (140, 651), (140, 321), (140, 329), (140, 100), (140, 574), (140, 256), (140, 257), (140, 658), (140, 357), (140, 166), (140, 507), (140, 552), (140, 338)]
Residuals
[1.105689267680403e-15, 7.80170350671898e-16, 9.004125563058962e-16, 5.965843880674971e-16, 1.3469196206967337e-15, 8.762943459504331e-16, 8.955874246013396e-16, 2.3479451696680133e-15]
140
[462, 322, 390, 629, 4, 652, 284, 423, 439, 9, 419, 438, 656, 659, 635, 632, 611, 609, 593, 575, 20, 21, 524, 23, 24, 537, 425, 412, 500, 496, 30, 634, 32, 628, 430, 518, 36, 248, 242, 626, 443, 517, 42, 43, 380, 127, 515, 230, 598, 219, 50, 92, 156, 53, 54, 399, 56, 57, 396, 59, 393, 346, 392, 619, 293, 564, 605, 67, 597, 389, 445, 101, 72, 73, 583, 386, 383, 218, 78, 79, 80, 81, 82, 83, 84, 526, 223, 87, 88, 381, 570, 467, 569, 409, 94, 95, 96, 97, 470, 99, 456, 373, 263, 278, 341, 105, 106, 376, 442, 509, 360, 111, 112, 113, 114, 115, 116, 388, 118, 172, 565, 560, 122, 123, 479, 591, 355, 280, 250, 461, 476, 356, 311, 590, 134, 260, 523, 512, 269, 266, 463, 332, 212, 12, 480, 633, 146, 69, 578, 342, 333, 235, 351, 492, 285, 155, 14, 157, 533, 214, 108, 631, 182, 163, 164, 594, 543, 175, 323, 516, 483, 171, 312, 596, 398, 150, 107, 177, 588, 540, 474, 464, 318, 183, 174, 306, 303, 617, 548, 391, 190, 505, 192, 364, 584, 195, 499, 433, 220, 424, 501, 549, 506, 621, 317, 205, 508, 252, 347, 612, 586, 313, 545, 213, 534, 471, 532, 133, 34, 603, 657, 450, 529, 354, 224, 653, 226, 647, 265, 249, 498, 550, 283, 233, 465, 655, 541, 343, 539, 307, 639, 547, 405, 638, 272, 334, 153, 435, 367, 455, 454, 651, 321, 329, 100, 574, 256, 257, 658, 357, 166, 507, 552, 338]
Epoch
141
Epoch time
9.326900720596313
Epoch 141, Loss 0.0039551889421188
Epoch
142
Epoch time
9.094890356063843
Epoch 142, Loss 0.005497999359223797
Epoch
143
Epoch time
9.10108208656311
Epoch 143, Loss 0.004533951699989795
Epoch
144
Epoch time
9.105141878128052
Epoch 144, Loss 0.004856752375629109
Epoch
145
Epoch time
9.134495258331299
Epoch 145, Loss 0.004248559348072275
Epoch
146
Epoch time
9.103998184204102
Epoch 146, Loss 0.003876194014962048
Epoch
147
Epoch time
9.084917545318604
Epoch 147, Loss 0.004473681225352415
Epoch
148
Epoch time
9.107988834381104
Epoch 148, Loss 0.003975448578856214
Epoch
149
Epoch time
9.075663089752197
Epoch 149, Loss 0.0039882797241307345
Epoch
150
Epoch time
9.112436056137085
Epoch 150, Loss 0.00363562594346116
Epoch
151
Epoch time
9.065534830093384
Epoch 151, Loss 0.0030969320423723445
Epoch
152
Epoch time
9.090514898300171
Epoch 152, Loss 0.0038352621410503453
Epoch
153
Epoch time
9.085075378417969
Epoch 153, Loss 0.003780525951334693
Epoch
154
Epoch time
9.068106889724731
Epoch 154, Loss 0.0036589325495931034
Epoch
155
Epoch time
9.123950481414795
Epoch 155, Loss 0.00463718722305875
Epoch
156
Epoch time
9.08262848854065
Epoch 156, Loss 0.004192151040261199
Epoch
157
Epoch time
9.297241926193237
Epoch 157, Loss 0.003915302868807492
Epoch
158
Epoch time
9.304012060165405
Epoch 158, Loss 0.0036317048910901187
Epoch
159
Epoch time
10.045294523239136
Epoch 159, Loss 0.0037009205653069977
Epoch
160
Epoch time
1134.8797187805176
Epoch 160, Loss 0.004206289267382507
Epoch 160
Selections count 264
Selections(Epoch, batch)
[(160, 462), (160, 322), (160, 196), (160, 629), (160, 4), (160, 652), (160, 284), (160, 423), (160, 439), (160, 9), (160, 419), (160, 124), (160, 188), (160, 189), (160, 139), (160, 135), (160, 85), (160, 609), (160, 593), (160, 575), (160, 20), (160, 21), (160, 524), (160, 23), (160, 24), (160, 537), (160, 45), (160, 412), (160, 500), (160, 496), (160, 30), (160, 634), (160, 32), (160, 628), (160, 430), (160, 518), (160, 36), (160, 248), (160, 242), (160, 626), (160, 443), (160, 517), (160, 42), (160, 43), (160, 380), (160, 127), (160, 515), (160, 230), (160, 598), (160, 219), (160, 50), (160, 92), (160, 156), (160, 53), (160, 54), (160, 399), (160, 56), (160, 57), (160, 396), (160, 59), (160, 393), (160, 161), (160, 392), (160, 619), (160, 293), (160, 564), (160, 605), (160, 67), (160, 597), (160, 389), (160, 445), (160, 101), (160, 72), (160, 73), (160, 583), (160, 386), (160, 383), (160, 218), (160, 78), (160, 184), (160, 80), (160, 81), (160, 82), (160, 83), (160, 84), (160, 526), (160, 223), (160, 87), (160, 88), (160, 381), (160, 570), (160, 467), (160, 569), (160, 409), (160, 94), (160, 95), (160, 96), (160, 97), (160, 470), (160, 99), (160, 456), (160, 373), (160, 263), (160, 278), (160, 341), (160, 105), (160, 106), (160, 376), (160, 442), (160, 509), (160, 360), (160, 111), (160, 112), (160, 113), (160, 194), (160, 115), (160, 116), (160, 388), (160, 118), (160, 172), (160, 565), (160, 11), (160, 122), (160, 123), (160, 479), (160, 591), (160, 355), (160, 280), (160, 250), (160, 461), (160, 476), (160, 356), (160, 311), (160, 590), (160, 134), (160, 260), (160, 523), (160, 512), (160, 269), (160, 266), (160, 463), (160, 332), (160, 79), (160, 12), (160, 480), (160, 633), (160, 146), (160, 179), (160, 578), (160, 342), (160, 333), (160, 235), (160, 351), (160, 492), (160, 285), (160, 155), (160, 14), (160, 157), (160, 166), (160, 214), (160, 108), (160, 631), (160, 182), (160, 163), (160, 164), (160, 594), (160, 543), (160, 6), (160, 323), (160, 68), (160, 483), (160, 171), (160, 312), (160, 5), (160, 398), (160, 150), (160, 107), (160, 177), (160, 588), (160, 540), (160, 474), (160, 162), (160, 318), (160, 183), (160, 174), (160, 306), (160, 303), (160, 29), (160, 548), (160, 391), (160, 190), (160, 505), (160, 192), (160, 364), (160, 63), (160, 195), (160, 499), (160, 433), (160, 220), (160, 424), (160, 501), (160, 549), (160, 506), (160, 621), (160, 317), (160, 205), (160, 508), (160, 252), (160, 31), (160, 612), (160, 586), (160, 154), (160, 545), (160, 213), (160, 534), (160, 471), (160, 532), (160, 133), (160, 180), (160, 603), (160, 657), (160, 450), (160, 529), (160, 354), (160, 224), (160, 2), (160, 226), (160, 647), (160, 265), (160, 249), (160, 498), (160, 550), (160, 283), (160, 233), (160, 465), (160, 655), (160, 541), (160, 343), (160, 170), (160, 1), (160, 639), (160, 547), (160, 178), (160, 638), (160, 117), (160, 334), (160, 153), (160, 91), (160, 367), (160, 455), (160, 454), (160, 651), (160, 321), (160, 329), (160, 100), (160, 574), (160, 256), (160, 257), (160, 658), (160, 103), (160, 193), (160, 507), (160, 136), (160, 338)]
Residuals
[1.105689267680403e-15, 7.80170350671898e-16, 9.004125563058962e-16, 5.965843880674971e-16, 1.3469196206967337e-15, 8.762943459504331e-16, 8.955874246013396e-16, 2.3479451696680133e-15, 6.817357092469544e-16]
160
[462, 322, 196, 629, 4, 652, 284, 423, 439, 9, 419, 124, 188, 189, 139, 135, 85, 609, 593, 575, 20, 21, 524, 23, 24, 537, 45, 412, 500, 496, 30, 634, 32, 628, 430, 518, 36, 248, 242, 626, 443, 517, 42, 43, 380, 127, 515, 230, 598, 219, 50, 92, 156, 53, 54, 399, 56, 57, 396, 59, 393, 161, 392, 619, 293, 564, 605, 67, 597, 389, 445, 101, 72, 73, 583, 386, 383, 218, 78, 184, 80, 81, 82, 83, 84, 526, 223, 87, 88, 381, 570, 467, 569, 409, 94, 95, 96, 97, 470, 99, 456, 373, 263, 278, 341, 105, 106, 376, 442, 509, 360, 111, 112, 113, 194, 115, 116, 388, 118, 172, 565, 11, 122, 123, 479, 591, 355, 280, 250, 461, 476, 356, 311, 590, 134, 260, 523, 512, 269, 266, 463, 332, 79, 12, 480, 633, 146, 179, 578, 342, 333, 235, 351, 492, 285, 155, 14, 157, 166, 214, 108, 631, 182, 163, 164, 594, 543, 6, 323, 68, 483, 171, 312, 5, 398, 150, 107, 177, 588, 540, 474, 162, 318, 183, 174, 306, 303, 29, 548, 391, 190, 505, 192, 364, 63, 195, 499, 433, 220, 424, 501, 549, 506, 621, 317, 205, 508, 252, 31, 612, 586, 154, 545, 213, 534, 471, 532, 133, 180, 603, 657, 450, 529, 354, 224, 2, 226, 647, 265, 249, 498, 550, 283, 233, 465, 655, 541, 343, 170, 1, 639, 547, 178, 638, 117, 334, 153, 91, 367, 455, 454, 651, 321, 329, 100, 574, 256, 257, 658, 103, 193, 507, 136, 338]
Epoch
161
Epoch time
9.764006614685059
Epoch 161, Loss 0.00444970765167227
Epoch
162
Epoch time
9.308738708496094
Epoch 162, Loss 0.004768476654092903
Epoch
163
Epoch time
9.18284296989441
Epoch 163, Loss 0.004888797928067016
Epoch
164
Epoch time
9.870822668075562
Epoch 164, Loss 0.0043765940878950004
Epoch
165
Epoch time
9.183453559875488
Epoch 165, Loss 0.003881112537583557
Epoch
166
Epoch time
9.166156530380249
Epoch 166, Loss 0.0035420929132415086
Epoch
167
Epoch time
9.12872314453125
Epoch 167, Loss 0.0032342500546320824
Epoch
168
Epoch time
9.131716012954712
Epoch 168, Loss 0.004351150379807483
Epoch
169
Epoch time
9.137784957885742
Epoch 169, Loss 0.0036580960211459986
Epoch
170
Epoch time
9.387410402297974
Epoch 170, Loss 0.004277617157336557
Epoch
171
Epoch time
9.302532196044922
Epoch 171, Loss 0.003910012141181269
Epoch
172
Epoch time
9.289461135864258
Epoch 172, Loss 0.00332874632630021
Epoch
173
Epoch time
9.18583869934082
Epoch 173, Loss 0.0038297748868825346
Epoch
174
Epoch time
9.197475671768188
Epoch 174, Loss 0.0036436283165630456
Epoch
175
Epoch time
9.16336178779602
Epoch 175, Loss 0.003124985648561296
Epoch
176
Epoch time
9.185644626617432
Epoch 176, Loss 0.004136439399977547
Epoch
177
Epoch time
9.144837379455566
Epoch 177, Loss 0.0038706910663647183
Epoch
178
Epoch time
9.100038051605225
Epoch 178, Loss 0.0037135127744244776
Epoch
179
Epoch time
9.183679342269897
Epoch 179, Loss 0.0024973897988092614
Epoch
180
Epoch time
1084.429769039154
Epoch 180, Loss 0.004371712333283082
Epoch 180
Selections count 264
Selections(Epoch, batch)
[(180, 462), (180, 322), (180, 196), (180, 629), (180, 4), (180, 652), (180, 284), (180, 423), (180, 439), (180, 9), (180, 419), (180, 124), (180, 188), (180, 189), (180, 139), (180, 135), (180, 85), (180, 609), (180, 593), (180, 575), (180, 20), (180, 21), (180, 524), (180, 513), (180, 24), (180, 537), (180, 45), (180, 412), (180, 500), (180, 617), (180, 30), (180, 634), (180, 32), (180, 628), (180, 430), (180, 518), (180, 36), (180, 248), (180, 242), (180, 626), (180, 443), (180, 517), (180, 42), (180, 43), (180, 380), (180, 502), (180, 515), (180, 551), (180, 598), (180, 219), (180, 50), (180, 92), (180, 156), (180, 492), (180, 54), (180, 399), (180, 441), (180, 57), (180, 396), (180, 59), (180, 393), (180, 161), (180, 392), (180, 619), (180, 293), (180, 564), (180, 605), (180, 67), (180, 597), (180, 389), (180, 445), (180, 612), (180, 72), (180, 73), (180, 583), (180, 386), (180, 383), (180, 218), (180, 78), (180, 184), (180, 80), (180, 81), (180, 82), (180, 83), (180, 84), (180, 526), (180, 337), (180, 87), (180, 88), (180, 381), (180, 581), (180, 467), (180, 569), (180, 409), (180, 545), (180, 95), (180, 96), (180, 97), (180, 549), (180, 99), (180, 456), (180, 570), (180, 548), (180, 278), (180, 341), (180, 105), (180, 106), (180, 531), (180, 442), (180, 509), (180, 360), (180, 111), (180, 514), (180, 113), (180, 489), (180, 115), (180, 116), (180, 437), (180, 118), (180, 172), (180, 565), (180, 11), (180, 122), (180, 123), (180, 472), (180, 591), (180, 355), (180, 280), (180, 250), (180, 539), (180, 474), (180, 356), (180, 520), (180, 590), (180, 134), (180, 546), (180, 523), (180, 512), (180, 269), (180, 465), (180, 463), (180, 332), (180, 79), (180, 637), (180, 480), (180, 633), (180, 146), (180, 179), (180, 578), (180, 342), (180, 357), (180, 235), (180, 351), (180, 603), (180, 285), (180, 273), (180, 14), (180, 157), (180, 166), (180, 214), (180, 338), (180, 631), (180, 286), (180, 163), (180, 584), (180, 594), (180, 543), (180, 244), (180, 323), (180, 625), (180, 483), (180, 171), (180, 536), (180, 204), (180, 398), (180, 150), (180, 107), (180, 177), (180, 588), (180, 540), (180, 659), (180, 162), (180, 318), (180, 183), (180, 339), (180, 306), (180, 303), (180, 234), (180, 434), (180, 391), (180, 190), (180, 239), (180, 192), (180, 261), (180, 63), (180, 195), (180, 499), (180, 313), (180, 220), (180, 424), (180, 488), (180, 201), (180, 168), (180, 621), (180, 317), (180, 205), (180, 508), (180, 252), (180, 444), (180, 319), (180, 586), (180, 93), (180, 378), (180, 213), (180, 271), (180, 648), (180, 532), (180, 133), (180, 131), (180, 596), (180, 657), (180, 225), (180, 529), (180, 145), (180, 224), (180, 2), (180, 226), (180, 647), (180, 265), (180, 491), (180, 498), (180, 550), (180, 348), (180, 233), (180, 519), (180, 38), (180, 541), (180, 343), (180, 170), (180, 1), (180, 639), (180, 547), (180, 178), (180, 638), (180, 533), (180, 334), (180, 153), (180, 91), (180, 367), (180, 455), (180, 454), (180, 651), (180, 321), (180, 329), (180, 468), (180, 187), (180, 256), (180, 257), (180, 658), (180, 655), (180, 644), (180, 507), (180, 611), (180, 527)]
Residuals
[1.105689267680403e-15, 7.80170350671898e-16, 9.004125563058962e-16, 5.965843880674971e-16, 1.3469196206967337e-15, 8.762943459504331e-16, 8.955874246013396e-16, 2.3479451696680133e-15, 6.817357092469544e-16, 5.945705863807262e-16]
180
[462, 322, 196, 629, 4, 652, 284, 423, 439, 9, 419, 124, 188, 189, 139, 135, 85, 609, 593, 575, 20, 21, 524, 513, 24, 537, 45, 412, 500, 617, 30, 634, 32, 628, 430, 518, 36, 248, 242, 626, 443, 517, 42, 43, 380, 502, 515, 551, 598, 219, 50, 92, 156, 492, 54, 399, 441, 57, 396, 59, 393, 161, 392, 619, 293, 564, 605, 67, 597, 389, 445, 612, 72, 73, 583, 386, 383, 218, 78, 184, 80, 81, 82, 83, 84, 526, 337, 87, 88, 381, 581, 467, 569, 409, 545, 95, 96, 97, 549, 99, 456, 570, 548, 278, 341, 105, 106, 531, 442, 509, 360, 111, 514, 113, 489, 115, 116, 437, 118, 172, 565, 11, 122, 123, 472, 591, 355, 280, 250, 539, 474, 356, 520, 590, 134, 546, 523, 512, 269, 465, 463, 332, 79, 637, 480, 633, 146, 179, 578, 342, 357, 235, 351, 603, 285, 273, 14, 157, 166, 214, 338, 631, 286, 163, 584, 594, 543, 244, 323, 625, 483, 171, 536, 204, 398, 150, 107, 177, 588, 540, 659, 162, 318, 183, 339, 306, 303, 234, 434, 391, 190, 239, 192, 261, 63, 195, 499, 313, 220, 424, 488, 201, 168, 621, 317, 205, 508, 252, 444, 319, 586, 93, 378, 213, 271, 648, 532, 133, 131, 596, 657, 225, 529, 145, 224, 2, 226, 647, 265, 491, 498, 550, 348, 233, 519, 38, 541, 343, 170, 1, 639, 547, 178, 638, 533, 334, 153, 91, 367, 455, 454, 651, 321, 329, 468, 187, 256, 257, 658, 655, 644, 507, 611, 527]
Epoch
181
Epoch time
9.287866830825806
Epoch 181, Loss 0.0034327285079275784
Epoch
182
Epoch time
9.139760732650757
Epoch 182, Loss 0.0032361705978555242
Epoch
183
Epoch time
9.132500171661377
Epoch 183, Loss 0.0035263309664148737
Epoch
184
Epoch time
9.135268926620483
Epoch 184, Loss 0.003778558698278959
Epoch
185
Epoch time
9.195706129074097
Epoch 185, Loss 0.004546066038080442
Epoch
186
Epoch time
9.126592636108398
Epoch 186, Loss 0.00419294325905715
Epoch
187
Epoch time
9.124587297439575
Epoch 187, Loss 0.003434992029205096
Epoch
188
Epoch time
9.426146268844604
Epoch 188, Loss 0.004046843579664892
Epoch
189
Epoch time
9.141413927078247
Epoch 189, Loss 0.00459397620998704
Epoch
190
Epoch time
9.203029870986938
Epoch 190, Loss 0.0036980500139000582
Epoch
191
Epoch time
9.142442226409912
Epoch 191, Loss 0.00249131368249337
Epoch
192
Epoch time
9.151397943496704
Epoch 192, Loss 0.003367361671191939
Epoch
193
Epoch time
9.110766649246216
Epoch 193, Loss 0.003418482465546866
Epoch
194
Epoch time
9.14747667312622
Epoch 194, Loss 0.004051811206720792
Epoch
195
Epoch time
9.204655170440674
Epoch 195, Loss 0.003557949220736039
Epoch
196
Epoch time
9.116034746170044
Epoch 196, Loss 0.0033481249402463813
Epoch
197
Epoch time
9.088826417922974
Epoch 197, Loss 0.0030991021917631547
Epoch
198
Epoch time
9.160277128219604
Epoch 198, Loss 0.0029460082896553205
Epoch
199
Epoch time
9.099265575408936
Epoch 199, Loss 0.003742942766002768
