600
torch.Size([66000, 1, 1, 28, 28])
Epoch
0
Epoch time
579.3994195461273
Epoch 0, Loss 0.11555992694494004
Epoch 0
Selections count 0
Selections(Epoch, batch)
[(0, 0), (0, 1), (0, 2), (0, 3), (0, 4), (0, 5), (0, 6), (0, 7), (0, 8), (0, 9), (0, 10), (0, 11), (0, 12), (0, 13), (0, 14), (0, 15), (0, 16), (0, 17), (0, 18), (0, 19), (0, 20), (0, 21), (0, 22), (0, 23), (0, 24), (0, 25), (0, 26), (0, 27), (0, 28), (0, 29), (0, 30), (0, 31), (0, 32), (0, 33), (0, 34), (0, 35), (0, 36), (0, 37), (0, 38), (0, 39), (0, 40), (0, 41), (0, 42), (0, 43), (0, 44), (0, 45), (0, 46), (0, 47), (0, 48), (0, 49), (0, 50), (0, 659), (0, 658), (0, 53), (0, 54), (0, 55), (0, 56), (0, 57), (0, 656), (0, 59), (0, 651), (0, 61), (0, 62), (0, 63), (0, 650), (0, 65), (0, 66), (0, 67), (0, 68), (0, 646), (0, 70), (0, 71), (0, 72), (0, 73), (0, 74), (0, 639), (0, 76), (0, 77), (0, 638), (0, 79), (0, 80), (0, 81), (0, 82), (0, 83), (0, 84), (0, 85), (0, 86), (0, 87), (0, 88), (0, 634), (0, 90), (0, 91), (0, 92), (0, 636), (0, 94), (0, 95), (0, 96), (0, 97), (0, 98), (0, 99), (0, 100), (0, 643), (0, 635), (0, 103), (0, 104), (0, 105), (0, 106), (0, 107), (0, 633), (0, 109), (0, 628), (0, 111), (0, 647), (0, 632), (0, 645), (0, 625), (0, 116), (0, 621), (0, 619), (0, 653), (0, 120), (0, 121), (0, 614), (0, 123), (0, 124), (0, 604), (0, 126), (0, 657), (0, 602), (0, 129), (0, 130), (0, 595), (0, 613), (0, 133), (0, 134), (0, 135), (0, 592), (0, 137), (0, 593), (0, 139), (0, 590), (0, 589), (0, 142), (0, 649), (0, 588), (0, 583), (0, 146), (0, 147), (0, 148), (0, 149), (0, 572), (0, 151), (0, 152), (0, 153), (0, 154), (0, 155), (0, 156), (0, 157), (0, 578), (0, 555), (0, 160), (0, 565), (0, 550), (0, 163), (0, 164), (0, 165), (0, 166), (0, 167), (0, 603), (0, 581), (0, 170), (0, 171), (0, 172), (0, 549), (0, 174), (0, 558), (0, 542), (0, 177), (0, 178), (0, 179), (0, 624), (0, 652), (0, 182), (0, 183), (0, 184), (0, 540), (0, 539), (0, 187), (0, 569), (0, 189), (0, 538), (0, 537), (0, 192), (0, 616), (0, 194), (0, 195), (0, 196), (0, 536), (0, 563), (0, 597), (0, 200), (0, 201), (0, 202), (0, 203), (0, 518), (0, 205), (0, 206), (0, 207), (0, 208), (0, 209), (0, 210), (0, 211), (0, 212), (0, 213), (0, 214), (0, 215), (0, 523), (0, 529), (0, 522), (0, 519), (0, 220), (0, 514), (0, 513), (0, 622), (0, 224), (0, 225), (0, 510), (0, 227), (0, 642), (0, 610), (0, 556), (0, 612), (0, 506), (0, 233), (0, 234), (0, 235), (0, 601), (0, 237), (0, 238), (0, 239), (0, 600), (0, 504), (0, 242), (0, 243), (0, 500), (0, 527), (0, 499), (0, 247), (0, 248), (0, 508), (0, 250), (0, 251), (0, 531), (0, 253), (0, 254), (0, 520), (0, 256), (0, 257), (0, 503), (0, 515), (0, 502), (0, 512), (0, 262), (0, 263), (0, 484), (0, 265), (0, 266), (0, 267), (0, 492), (0, 269), (0, 488), (0, 481), (0, 272), (0, 477), (0, 486), (0, 554), (0, 557), (0, 483), (0, 278), (0, 473), (0, 280), (0, 281), (0, 631), (0, 495), (0, 465), (0, 285), (0, 286), (0, 464), (0, 463), (0, 626), (0, 462), (0, 535), (0, 461), (0, 293), (0, 452), (0, 507), (0, 296), (0, 445), (0, 599), (0, 299), (0, 620), (0, 443), (0, 302), (0, 303), (0, 470), (0, 644), (0, 306), (0, 442), (0, 308), (0, 441), (0, 575), (0, 311), (0, 312), (0, 516), (0, 314), (0, 480), (0, 435), (0, 317), (0, 318), (0, 431), (0, 434), (0, 321), (0, 322), (0, 323), (0, 509), (0, 325), (0, 521), (0, 425), (0, 430), (0, 329), (0, 330), (0, 415), (0, 332), (0, 333), (0, 334), (0, 440), (0, 336), (0, 562), (0, 338), (0, 467), (0, 547), (0, 341), (0, 342), (0, 343), (0, 460), (0, 453), (0, 346), (0, 347), (0, 348), (0, 424), (0, 423), (0, 437), (0, 352), (0, 429), (0, 354), (0, 355), (0, 356), (0, 357), (0, 482), (0, 545), (0, 360), (0, 361), (0, 410), (0, 363), (0, 364), (0, 406), (0, 366), (0, 421), (0, 405), (0, 369), (0, 404), (0, 399), (0, 444), (0, 373), (0, 374), (0, 476), (0, 376), (0, 397), (0, 403), (0, 606), (0, 574), (0, 381), (0, 382), (0, 383), (0, 384), (0, 568), (0, 398), (0, 387), (0, 433), (0, 459), (0, 390), (0, 391), (0, 577), (0, 393), (0, 394), (0, 457)]
Residuals
[2.415241210536106e-15]
0
[0, 1, 2, 3, 4, 5, 6, 7, 8, 9, 10, 11, 12, 13, 14, 15, 16, 17, 18, 19, 20, 21, 22, 23, 24, 25, 26, 27, 28, 29, 30, 31, 32, 33, 34, 35, 36, 37, 38, 39, 40, 41, 42, 43, 44, 45, 46, 47, 48, 49, 50, 659, 658, 53, 54, 55, 56, 57, 656, 59, 651, 61, 62, 63, 650, 65, 66, 67, 68, 646, 70, 71, 72, 73, 74, 639, 76, 77, 638, 79, 80, 81, 82, 83, 84, 85, 86, 87, 88, 634, 90, 91, 92, 636, 94, 95, 96, 97, 98, 99, 100, 643, 635, 103, 104, 105, 106, 107, 633, 109, 628, 111, 647, 632, 645, 625, 116, 621, 619, 653, 120, 121, 614, 123, 124, 604, 126, 657, 602, 129, 130, 595, 613, 133, 134, 135, 592, 137, 593, 139, 590, 589, 142, 649, 588, 583, 146, 147, 148, 149, 572, 151, 152, 153, 154, 155, 156, 157, 578, 555, 160, 565, 550, 163, 164, 165, 166, 167, 603, 581, 170, 171, 172, 549, 174, 558, 542, 177, 178, 179, 624, 652, 182, 183, 184, 540, 539, 187, 569, 189, 538, 537, 192, 616, 194, 195, 196, 536, 563, 597, 200, 201, 202, 203, 518, 205, 206, 207, 208, 209, 210, 211, 212, 213, 214, 215, 523, 529, 522, 519, 220, 514, 513, 622, 224, 225, 510, 227, 642, 610, 556, 612, 506, 233, 234, 235, 601, 237, 238, 239, 600, 504, 242, 243, 500, 527, 499, 247, 248, 508, 250, 251, 531, 253, 254, 520, 256, 257, 503, 515, 502, 512, 262, 263, 484, 265, 266, 267, 492, 269, 488, 481, 272, 477, 486, 554, 557, 483, 278, 473, 280, 281, 631, 495, 465, 285, 286, 464, 463, 626, 462, 535, 461, 293, 452, 507, 296, 445, 599, 299, 620, 443, 302, 303, 470, 644, 306, 442, 308, 441, 575, 311, 312, 516, 314, 480, 435, 317, 318, 431, 434, 321, 322, 323, 509, 325, 521, 425, 430, 329, 330, 415, 332, 333, 334, 440, 336, 562, 338, 467, 547, 341, 342, 343, 460, 453, 346, 347, 348, 424, 423, 437, 352, 429, 354, 355, 356, 357, 482, 545, 360, 361, 410, 363, 364, 406, 366, 421, 405, 369, 404, 399, 444, 373, 374, 476, 376, 397, 403, 606, 574, 381, 382, 383, 384, 568, 398, 387, 433, 459, 390, 391, 577, 393, 394, 457]
Epoch
1
Epoch time
18.488621711730957
Epoch 1, Loss 0.08733697738265618
Epoch
2
Epoch time
17.304804801940918
Epoch 2, Loss 0.0751034537605786
Epoch
3
Epoch time
19.46045470237732
Epoch 3, Loss 0.06560097705563142
Epoch
4
Epoch time
18.39338517189026
Epoch 4, Loss 0.05981984393166689
Epoch
5
Epoch time
17.71314811706543
Epoch 5, Loss 0.05263646942922302
Epoch
6
Epoch time
19.458123207092285
Epoch 6, Loss 0.045923779758935176
Epoch
7
Epoch time
19.250202417373657
Epoch 7, Loss 0.042546161946083884
Epoch
8
Epoch time
16.636921644210815
Epoch 8, Loss 0.03754023647149249
Epoch
9
Epoch time
19.544172763824463
Epoch 9, Loss 0.03579815247594524
Epoch
10
Epoch time
20.10692524909973
Epoch 10, Loss 0.03392654556310542
Epoch
11
Epoch time
18.507620811462402
Epoch 11, Loss 0.03247277061311858
Epoch
12
Epoch time
17.328933238983154
Epoch 12, Loss 0.029356222153825606
Epoch
13
Epoch time
19.623882055282593
Epoch 13, Loss 0.028555166489531984
Epoch
14
Epoch time
19.612561464309692
Epoch 14, Loss 0.029063978431222496
Epoch
15
Epoch time
18.979329347610474
Epoch 15, Loss 0.026266391482931795
Epoch
16
Epoch time
17.282437086105347
Epoch 16, Loss 0.026456343613826903
Epoch
17
Epoch time
19.673490285873413
Epoch 17, Loss 0.02450661873226636
Epoch
18
Epoch time
19.593786001205444
Epoch 18, Loss 0.023991564997268143
Epoch
19
Epoch time
16.239827632904053
Epoch 19, Loss 0.022424213965132368
Epoch
20
Epoch time
578.981522321701
Epoch 20, Loss 0.020494967065242235
Epoch 20
Selections count 396
Selections(Epoch, batch)
[(20, 0), (20, 1), (20, 2), (20, 3), (20, 4), (20, 5), (20, 6), (20, 7), (20, 8), (20, 9), (20, 10), (20, 654), (20, 12), (20, 13), (20, 14), (20, 15), (20, 655), (20, 635), (20, 644), (20, 19), (20, 20), (20, 21), (20, 616), (20, 517), (20, 24), (20, 627), (20, 26), (20, 404), (20, 499), (20, 29), (20, 30), (20, 31), (20, 32), (20, 392), (20, 34), (20, 629), (20, 36), (20, 37), (20, 567), (20, 384), (20, 40), (20, 41), (20, 42), (20, 43), (20, 44), (20, 45), (20, 348), (20, 47), (20, 48), (20, 518), (20, 375), (20, 327), (20, 658), (20, 53), (20, 54), (20, 380), (20, 56), (20, 57), (20, 646), (20, 59), (20, 651), (20, 61), (20, 62), (20, 63), (20, 650), (20, 65), (20, 66), (20, 67), (20, 68), (20, 543), (20, 70), (20, 71), (20, 72), (20, 73), (20, 74), (20, 639), (20, 76), (20, 77), (20, 409), (20, 79), (20, 80), (20, 305), (20, 345), (20, 83), (20, 84), (20, 496), (20, 86), (20, 87), (20, 88), (20, 634), (20, 90), (20, 91), (20, 92), (20, 636), (20, 94), (20, 95), (20, 96), (20, 97), (20, 98), (20, 99), (20, 100), (20, 643), (20, 513), (20, 103), (20, 104), (20, 105), (20, 106), (20, 304), (20, 633), (20, 109), (20, 628), (20, 111), (20, 647), (20, 632), (20, 645), (20, 534), (20, 116), (20, 621), (20, 619), (20, 653), (20, 120), (20, 121), (20, 614), (20, 123), (20, 124), (20, 604), (20, 126), (20, 657), (20, 602), (20, 129), (20, 130), (20, 595), (20, 613), (20, 133), (20, 134), (20, 135), (20, 592), (20, 137), (20, 114), (20, 559), (20, 590), (20, 231), (20, 142), (20, 649), (20, 588), (20, 583), (20, 493), (20, 494), (20, 148), (20, 149), (20, 342), (20, 151), (20, 370), (20, 396), (20, 617), (20, 155), (20, 156), (20, 157), (20, 578), (20, 555), (20, 160), (20, 565), (20, 550), (20, 163), (20, 164), (20, 165), (20, 166), (20, 167), (20, 603), (20, 581), (20, 170), (20, 171), (20, 172), (20, 549), (20, 174), (20, 558), (20, 542), (20, 177), (20, 178), (20, 275), (20, 625), (20, 652), (20, 182), (20, 183), (20, 184), (20, 540), (20, 273), (20, 586), (20, 569), (20, 189), (20, 538), (20, 537), (20, 192), (20, 561), (20, 194), (20, 195), (20, 196), (20, 536), (20, 563), (20, 597), (20, 200), (20, 201), (20, 202), (20, 203), (20, 591), (20, 205), (20, 206), (20, 344), (20, 208), (20, 209), (20, 210), (20, 489), (20, 212), (20, 213), (20, 214), (20, 215), (20, 505), (20, 529), (20, 522), (20, 519), (20, 220), (20, 514), (20, 301), (20, 255), (20, 224), (20, 412), (20, 510), (20, 227), (20, 642), (20, 610), (20, 556), (20, 544), (20, 640), (20, 352), (20, 659), (20, 235), (20, 601), (20, 433), (20, 238), (20, 239), (20, 600), (20, 504), (20, 242), (20, 229), (20, 500), (20, 527), (20, 448), (20, 247), (20, 248), (20, 508), (20, 250), (20, 251), (20, 531), (20, 253), (20, 254), (20, 520), (20, 256), (20, 257), (20, 503), (20, 515), (20, 502), (20, 512), (20, 186), (20, 263), (20, 484), (20, 265), (20, 266), (20, 267), (20, 492), (20, 269), (20, 488), (20, 481), (20, 272), (20, 477), (20, 407), (20, 554), (20, 557), (20, 483), (20, 278), (20, 473), (20, 280), (20, 281), (20, 631), (20, 612), (20, 465), (20, 285), (20, 252), (20, 464), (20, 463), (20, 626), (20, 462), (20, 535), (20, 461), (20, 293), (20, 452), (20, 507), (20, 296), (20, 445), (20, 599), (20, 299), (20, 620), (20, 443), (20, 302), (20, 303), (20, 470), (20, 311), (20, 306), (20, 442), (20, 308), (20, 441), (20, 575), (20, 169), (20, 312), (20, 516), (20, 314), (20, 480), (20, 435), (20, 317), (20, 318), (20, 431), (20, 434), (20, 321), (20, 322), (20, 323), (20, 509), (20, 325), (20, 521), (20, 112), (20, 430), (20, 329), (20, 330), (20, 415), (20, 332), (20, 333), (20, 334), (20, 440), (20, 532), (20, 89), (20, 338), (20, 467), (20, 487), (20, 341), (20, 552), (20, 343), (20, 460), (20, 453), (20, 346), (20, 52), (20, 428), (20, 424), (20, 423), (20, 437), (20, 228), (20, 429), (20, 354), (20, 355), (20, 356), (20, 357), (20, 188), (20, 545), (20, 360), (20, 361), (20, 410), (20, 274), (20, 364), (20, 406), (20, 366), (20, 421), (20, 405), (20, 369), (20, 638), (20, 399), (20, 444), (20, 373), (20, 374), (20, 606), (20, 376), (20, 397), (20, 403), (20, 359), (20, 574), (20, 381), (20, 382), (20, 383), (20, 547), (20, 568), (20, 398), (20, 387), (20, 450), (20, 459), (20, 390), (20, 391), (20, 577), (20, 393), (20, 136), (20, 457)]
Residuals
[2.415241210536106e-15, 1.9079307195016782e-15]
20
[0, 1, 2, 3, 4, 5, 6, 7, 8, 9, 10, 654, 12, 13, 14, 15, 655, 635, 644, 19, 20, 21, 616, 517, 24, 627, 26, 404, 499, 29, 30, 31, 32, 392, 34, 629, 36, 37, 567, 384, 40, 41, 42, 43, 44, 45, 348, 47, 48, 518, 375, 327, 658, 53, 54, 380, 56, 57, 646, 59, 651, 61, 62, 63, 650, 65, 66, 67, 68, 543, 70, 71, 72, 73, 74, 639, 76, 77, 409, 79, 80, 305, 345, 83, 84, 496, 86, 87, 88, 634, 90, 91, 92, 636, 94, 95, 96, 97, 98, 99, 100, 643, 513, 103, 104, 105, 106, 304, 633, 109, 628, 111, 647, 632, 645, 534, 116, 621, 619, 653, 120, 121, 614, 123, 124, 604, 126, 657, 602, 129, 130, 595, 613, 133, 134, 135, 592, 137, 114, 559, 590, 231, 142, 649, 588, 583, 493, 494, 148, 149, 342, 151, 370, 396, 617, 155, 156, 157, 578, 555, 160, 565, 550, 163, 164, 165, 166, 167, 603, 581, 170, 171, 172, 549, 174, 558, 542, 177, 178, 275, 625, 652, 182, 183, 184, 540, 273, 586, 569, 189, 538, 537, 192, 561, 194, 195, 196, 536, 563, 597, 200, 201, 202, 203, 591, 205, 206, 344, 208, 209, 210, 489, 212, 213, 214, 215, 505, 529, 522, 519, 220, 514, 301, 255, 224, 412, 510, 227, 642, 610, 556, 544, 640, 352, 659, 235, 601, 433, 238, 239, 600, 504, 242, 229, 500, 527, 448, 247, 248, 508, 250, 251, 531, 253, 254, 520, 256, 257, 503, 515, 502, 512, 186, 263, 484, 265, 266, 267, 492, 269, 488, 481, 272, 477, 407, 554, 557, 483, 278, 473, 280, 281, 631, 612, 465, 285, 252, 464, 463, 626, 462, 535, 461, 293, 452, 507, 296, 445, 599, 299, 620, 443, 302, 303, 470, 311, 306, 442, 308, 441, 575, 169, 312, 516, 314, 480, 435, 317, 318, 431, 434, 321, 322, 323, 509, 325, 521, 112, 430, 329, 330, 415, 332, 333, 334, 440, 532, 89, 338, 467, 487, 341, 552, 343, 460, 453, 346, 52, 428, 424, 423, 437, 228, 429, 354, 355, 356, 357, 188, 545, 360, 361, 410, 274, 364, 406, 366, 421, 405, 369, 638, 399, 444, 373, 374, 606, 376, 397, 403, 359, 574, 381, 382, 383, 547, 568, 398, 387, 450, 459, 390, 391, 577, 393, 136, 457]
Epoch
21
Epoch time
18.57397770881653
Epoch 21, Loss 0.019897865816104362
Epoch
22
Epoch time
17.30287766456604
Epoch 22, Loss 0.019168421517363945
Epoch
23
Epoch time
19.626468658447266
Epoch 23, Loss 0.018594866579369408
Epoch
24
Epoch time
19.497373342514038
Epoch 24, Loss 0.018731591874117538
Epoch
25
Epoch time
19.851842880249023
Epoch 25, Loss 0.017340629443024228
Epoch
26
Epoch time
19.625293970108032
Epoch 26, Loss 0.016936851040791224
Epoch
27
Epoch time
18.309931993484497
Epoch 27, Loss 0.015687251103166395
Epoch
28
Epoch time
17.43824005126953
Epoch 28, Loss 0.016398150748852154
Epoch
29
Epoch time
19.4322772026062
Epoch 29, Loss 0.016547918602118444
Epoch
30
Epoch time
18.770700454711914
Epoch 30, Loss 0.0148368395183752
Epoch
31
Epoch time
17.305373668670654
Epoch 31, Loss 0.014743240143931568
Epoch
32
Epoch time
19.42693042755127
Epoch 32, Loss 0.015382991717506228
Epoch
33
Epoch time
16.154629468917847
Epoch 33, Loss 0.013276543257805619
Epoch
34
Epoch time
19.507951259613037
Epoch 34, Loss 0.013096375915611134
Epoch
35
Epoch time
19.842283248901367
Epoch 35, Loss 0.013547999037976599
Epoch
36
Epoch time
15.87584376335144
Epoch 36, Loss 0.011662225099134957
Epoch
37
Epoch time
19.487579584121704
Epoch 37, Loss 0.011806394739208675
Epoch
38
Epoch time
18.30161190032959
Epoch 38, Loss 0.011857331510811187
Epoch
39
Epoch time
17.355310201644897
Epoch 39, Loss 0.011134017404316788
Epoch
40
Epoch time
551.1604826450348
Epoch 40, Loss 0.013646765601292828
Epoch 40
Selections count 396
Selections(Epoch, batch)
[(40, 0), (40, 1), (40, 2), (40, 3), (40, 4), (40, 5), (40, 6), (40, 7), (40, 8), (40, 9), (40, 10), (40, 654), (40, 12), (40, 13), (40, 14), (40, 15), (40, 655), (40, 635), (40, 644), (40, 19), (40, 20), (40, 21), (40, 616), (40, 517), (40, 24), (40, 627), (40, 26), (40, 404), (40, 499), (40, 29), (40, 30), (40, 31), (40, 32), (40, 392), (40, 34), (40, 629), (40, 36), (40, 37), (40, 567), (40, 384), (40, 40), (40, 41), (40, 42), (40, 43), (40, 44), (40, 45), (40, 348), (40, 47), (40, 48), (40, 518), (40, 375), (40, 327), (40, 658), (40, 53), (40, 54), (40, 380), (40, 56), (40, 57), (40, 646), (40, 59), (40, 651), (40, 61), (40, 62), (40, 63), (40, 650), (40, 65), (40, 66), (40, 67), (40, 68), (40, 543), (40, 70), (40, 71), (40, 72), (40, 73), (40, 74), (40, 639), (40, 76), (40, 77), (40, 409), (40, 79), (40, 80), (40, 305), (40, 598), (40, 83), (40, 84), (40, 496), (40, 618), (40, 87), (40, 88), (40, 634), (40, 90), (40, 91), (40, 92), (40, 636), (40, 498), (40, 95), (40, 96), (40, 97), (40, 98), (40, 99), (40, 100), (40, 643), (40, 513), (40, 103), (40, 566), (40, 105), (40, 106), (40, 369), (40, 633), (40, 109), (40, 628), (40, 111), (40, 647), (40, 632), (40, 645), (40, 524), (40, 116), (40, 621), (40, 619), (40, 653), (40, 120), (40, 121), (40, 614), (40, 123), (40, 124), (40, 604), (40, 126), (40, 657), (40, 602), (40, 129), (40, 130), (40, 595), (40, 613), (40, 133), (40, 134), (40, 135), (40, 592), (40, 137), (40, 114), (40, 559), (40, 590), (40, 231), (40, 142), (40, 564), (40, 588), (40, 583), (40, 615), (40, 494), (40, 148), (40, 149), (40, 342), (40, 151), (40, 523), (40, 396), (40, 477), (40, 454), (40, 156), (40, 157), (40, 578), (40, 555), (40, 160), (40, 565), (40, 550), (40, 163), (40, 164), (40, 165), (40, 166), (40, 167), (40, 603), (40, 581), (40, 170), (40, 171), (40, 172), (40, 561), (40, 174), (40, 558), (40, 542), (40, 177), (40, 344), (40, 495), (40, 315), (40, 652), (40, 182), (40, 183), (40, 184), (40, 540), (40, 402), (40, 307), (40, 569), (40, 189), (40, 538), (40, 537), (40, 192), (40, 240), (40, 194), (40, 195), (40, 196), (40, 536), (40, 563), (40, 597), (40, 200), (40, 201), (40, 202), (40, 203), (40, 637), (40, 205), (40, 206), (40, 291), (40, 208), (40, 209), (40, 210), (40, 403), (40, 212), (40, 213), (40, 214), (40, 215), (40, 505), (40, 529), (40, 522), (40, 519), (40, 220), (40, 514), (40, 659), (40, 476), (40, 224), (40, 237), (40, 510), (40, 227), (40, 642), (40, 610), (40, 556), (40, 541), (40, 492), (40, 323), (40, 593), (40, 235), (40, 601), (40, 433), (40, 238), (40, 239), (40, 600), (40, 504), (40, 242), (40, 389), (40, 500), (40, 527), (40, 187), (40, 491), (40, 248), (40, 508), (40, 250), (40, 251), (40, 531), (40, 554), (40, 254), (40, 520), (40, 256), (40, 257), (40, 503), (40, 515), (40, 502), (40, 512), (40, 612), (40, 263), (40, 484), (40, 265), (40, 266), (40, 267), (40, 243), (40, 269), (40, 488), (40, 367), (40, 272), (40, 444), (40, 407), (40, 336), (40, 557), (40, 483), (40, 278), (40, 473), (40, 280), (40, 281), (40, 631), (40, 388), (40, 465), (40, 285), (40, 252), (40, 464), (40, 463), (40, 626), (40, 462), (40, 535), (40, 461), (40, 293), (40, 452), (40, 507), (40, 296), (40, 445), (40, 599), (40, 299), (40, 482), (40, 443), (40, 302), (40, 303), (40, 470), (40, 311), (40, 306), (40, 442), (40, 308), (40, 441), (40, 575), (40, 169), (40, 312), (40, 630), (40, 314), (40, 480), (40, 435), (40, 317), (40, 318), (40, 431), (40, 434), (40, 649), (40, 322), (40, 146), (40, 509), (40, 325), (40, 521), (40, 419), (40, 430), (40, 329), (40, 330), (40, 415), (40, 332), (40, 333), (40, 334), (40, 440), (40, 532), (40, 89), (40, 338), (40, 467), (40, 162), (40, 341), (40, 539), (40, 343), (40, 460), (40, 453), (40, 346), (40, 81), (40, 55), (40, 424), (40, 423), (40, 437), (40, 228), (40, 429), (40, 354), (40, 355), (40, 356), (40, 357), (40, 188), (40, 545), (40, 360), (40, 361), (40, 410), (40, 11), (40, 364), (40, 406), (40, 366), (40, 421), (40, 405), (40, 594), (40, 638), (40, 399), (40, 107), (40, 373), (40, 374), (40, 606), (40, 376), (40, 481), (40, 313), (40, 359), (40, 574), (40, 381), (40, 382), (40, 383), (40, 547), (40, 568), (40, 398), (40, 387), (40, 450), (40, 459), (40, 390), (40, 391), (40, 577), (40, 552), (40, 136), (40, 457)]
Residuals
[2.415241210536106e-15, 1.9079307195016782e-15, 1.244441123480404e-15]
40
[0, 1, 2, 3, 4, 5, 6, 7, 8, 9, 10, 654, 12, 13, 14, 15, 655, 635, 644, 19, 20, 21, 616, 517, 24, 627, 26, 404, 499, 29, 30, 31, 32, 392, 34, 629, 36, 37, 567, 384, 40, 41, 42, 43, 44, 45, 348, 47, 48, 518, 375, 327, 658, 53, 54, 380, 56, 57, 646, 59, 651, 61, 62, 63, 650, 65, 66, 67, 68, 543, 70, 71, 72, 73, 74, 639, 76, 77, 409, 79, 80, 305, 598, 83, 84, 496, 618, 87, 88, 634, 90, 91, 92, 636, 498, 95, 96, 97, 98, 99, 100, 643, 513, 103, 566, 105, 106, 369, 633, 109, 628, 111, 647, 632, 645, 524, 116, 621, 619, 653, 120, 121, 614, 123, 124, 604, 126, 657, 602, 129, 130, 595, 613, 133, 134, 135, 592, 137, 114, 559, 590, 231, 142, 564, 588, 583, 615, 494, 148, 149, 342, 151, 523, 396, 477, 454, 156, 157, 578, 555, 160, 565, 550, 163, 164, 165, 166, 167, 603, 581, 170, 171, 172, 561, 174, 558, 542, 177, 344, 495, 315, 652, 182, 183, 184, 540, 402, 307, 569, 189, 538, 537, 192, 240, 194, 195, 196, 536, 563, 597, 200, 201, 202, 203, 637, 205, 206, 291, 208, 209, 210, 403, 212, 213, 214, 215, 505, 529, 522, 519, 220, 514, 659, 476, 224, 237, 510, 227, 642, 610, 556, 541, 492, 323, 593, 235, 601, 433, 238, 239, 600, 504, 242, 389, 500, 527, 187, 491, 248, 508, 250, 251, 531, 554, 254, 520, 256, 257, 503, 515, 502, 512, 612, 263, 484, 265, 266, 267, 243, 269, 488, 367, 272, 444, 407, 336, 557, 483, 278, 473, 280, 281, 631, 388, 465, 285, 252, 464, 463, 626, 462, 535, 461, 293, 452, 507, 296, 445, 599, 299, 482, 443, 302, 303, 470, 311, 306, 442, 308, 441, 575, 169, 312, 630, 314, 480, 435, 317, 318, 431, 434, 649, 322, 146, 509, 325, 521, 419, 430, 329, 330, 415, 332, 333, 334, 440, 532, 89, 338, 467, 162, 341, 539, 343, 460, 453, 346, 81, 55, 424, 423, 437, 228, 429, 354, 355, 356, 357, 188, 545, 360, 361, 410, 11, 364, 406, 366, 421, 405, 594, 638, 399, 107, 373, 374, 606, 376, 481, 313, 359, 574, 381, 382, 383, 547, 568, 398, 387, 450, 459, 390, 391, 577, 552, 136, 457]
Epoch
41
Epoch time
8.890127658843994
Epoch 41, Loss 0.011100388071924195
Epoch
42
Epoch time
8.87958550453186
Epoch 42, Loss 0.011938152131561613
Epoch
43
Epoch time
8.829622268676758
Epoch 43, Loss 0.01198886607497722
Epoch
44
Epoch time
8.80357813835144
Epoch 44, Loss 0.01027594655151385
Epoch
45
Epoch time
9.181692600250244
Epoch 45, Loss 0.01037191076520988
Epoch
46
Epoch time
8.814962387084961
Epoch 46, Loss 0.011669080700517042
Epoch
47
Epoch time
8.807924509048462
Epoch 47, Loss 0.010187194145782997
Epoch
48
Epoch time
8.809757471084595
Epoch 48, Loss 0.011296100870783145
Epoch
49
Epoch time
8.891129732131958
Epoch 49, Loss 0.010114827208368904
Epoch
50
Epoch time
15.964958906173706
Epoch 50, Loss 0.009698693299120957
Epoch
51
Epoch time
8.85036587715149
Epoch 51, Loss 0.011078825257548032
Epoch
52
Epoch time
8.766114950180054
Epoch 52, Loss 0.010102083009112448
Epoch
53
Epoch time
8.835233211517334
Epoch 53, Loss 0.009116586567506602
Epoch
54
Epoch time
8.907126903533936
Epoch 54, Loss 0.008691820632323015
Epoch
55
Epoch time
9.165639638900757
Epoch 55, Loss 0.009628163109584116
Epoch
56
Epoch time
8.799217224121094
Epoch 56, Loss 0.009552756583871846
Epoch
57
Epoch time
8.847937107086182
Epoch 57, Loss 0.009270374127045216
Epoch
58
Epoch time
8.771048784255981
Epoch 58, Loss 0.009730660336739068
Epoch
59
Epoch time
11.195180177688599
Epoch 59, Loss 0.007482743358161012
Epoch
60
Epoch time
551.2241151332855
Epoch 60, Loss 0.008195824202719753
Epoch 60
Selections count 396
Selections(Epoch, batch)
[(60, 0), (60, 1), (60, 2), (60, 3), (60, 4), (60, 5), (60, 6), (60, 7), (60, 8), (60, 9), (60, 10), (60, 654), (60, 12), (60, 13), (60, 14), (60, 15), (60, 655), (60, 635), (60, 644), (60, 19), (60, 20), (60, 21), (60, 616), (60, 517), (60, 24), (60, 347), (60, 26), (60, 404), (60, 499), (60, 29), (60, 30), (60, 31), (60, 32), (60, 392), (60, 34), (60, 629), (60, 36), (60, 37), (60, 567), (60, 384), (60, 40), (60, 41), (60, 42), (60, 43), (60, 44), (60, 45), (60, 348), (60, 47), (60, 48), (60, 518), (60, 375), (60, 327), (60, 658), (60, 53), (60, 54), (60, 380), (60, 56), (60, 57), (60, 646), (60, 59), (60, 651), (60, 61), (60, 62), (60, 63), (60, 650), (60, 65), (60, 66), (60, 67), (60, 68), (60, 543), (60, 70), (60, 71), (60, 72), (60, 73), (60, 74), (60, 639), (60, 76), (60, 77), (60, 409), (60, 79), (60, 80), (60, 305), (60, 598), (60, 83), (60, 84), (60, 496), (60, 618), (60, 87), (60, 88), (60, 634), (60, 90), (60, 91), (60, 92), (60, 636), (60, 656), (60, 350), (60, 96), (60, 97), (60, 98), (60, 99), (60, 100), (60, 643), (60, 513), (60, 103), (60, 397), (60, 105), (60, 106), (60, 369), (60, 633), (60, 109), (60, 628), (60, 111), (60, 647), (60, 632), (60, 645), (60, 524), (60, 116), (60, 621), (60, 619), (60, 653), (60, 120), (60, 121), (60, 614), (60, 123), (60, 124), (60, 604), (60, 126), (60, 657), (60, 602), (60, 129), (60, 130), (60, 595), (60, 613), (60, 133), (60, 134), (60, 135), (60, 592), (60, 137), (60, 114), (60, 317), (60, 590), (60, 231), (60, 142), (60, 275), (60, 588), (60, 583), (60, 233), (60, 494), (60, 148), (60, 149), (60, 342), (60, 151), (60, 393), (60, 396), (60, 477), (60, 304), (60, 156), (60, 157), (60, 578), (60, 555), (60, 160), (60, 565), (60, 550), (60, 163), (60, 164), (60, 165), (60, 166), (60, 167), (60, 603), (60, 581), (60, 170), (60, 171), (60, 617), (60, 561), (60, 174), (60, 558), (60, 542), (60, 177), (60, 344), (60, 495), (60, 399), (60, 652), (60, 182), (60, 183), (60, 184), (60, 540), (60, 229), (60, 307), (60, 569), (60, 189), (60, 538), (60, 537), (60, 192), (60, 240), (60, 194), (60, 195), (60, 196), (60, 536), (60, 563), (60, 597), (60, 200), (60, 201), (60, 202), (60, 203), (60, 630), (60, 205), (60, 206), (60, 207), (60, 208), (60, 209), (60, 210), (60, 403), (60, 212), (60, 213), (60, 214), (60, 215), (60, 505), (60, 529), (60, 522), (60, 519), (60, 220), (60, 514), (60, 253), (60, 476), (60, 224), (60, 237), (60, 510), (60, 227), (60, 642), (60, 610), (60, 556), (60, 541), (60, 492), (60, 323), (60, 593), (60, 255), (60, 601), (60, 433), (60, 238), (60, 239), (60, 600), (60, 504), (60, 242), (60, 389), (60, 500), (60, 527), (60, 187), (60, 648), (60, 248), (60, 508), (60, 250), (60, 251), (60, 531), (60, 554), (60, 254), (60, 520), (60, 256), (60, 257), (60, 503), (60, 515), (60, 502), (60, 512), (60, 612), (60, 263), (60, 484), (60, 265), (60, 266), (60, 267), (60, 243), (60, 269), (60, 488), (60, 624), (60, 272), (60, 444), (60, 407), (60, 606), (60, 557), (60, 483), (60, 278), (60, 473), (60, 280), (60, 281), (60, 631), (60, 154), (60, 465), (60, 285), (60, 295), (60, 464), (60, 463), (60, 626), (60, 462), (60, 535), (60, 461), (60, 293), (60, 452), (60, 507), (60, 296), (60, 445), (60, 599), (60, 299), (60, 321), (60, 443), (60, 302), (60, 303), (60, 470), (60, 311), (60, 306), (60, 442), (60, 308), (60, 441), (60, 575), (60, 169), (60, 312), (60, 261), (60, 314), (60, 480), (60, 435), (60, 516), (60, 318), (60, 431), (60, 434), (60, 649), (60, 322), (60, 146), (60, 509), (60, 325), (60, 594), (60, 622), (60, 430), (60, 329), (60, 330), (60, 415), (60, 332), (60, 333), (60, 334), (60, 440), (60, 532), (60, 89), (60, 338), (60, 467), (60, 162), (60, 341), (60, 94), (60, 343), (60, 460), (60, 453), (60, 346), (60, 81), (60, 640), (60, 424), (60, 423), (60, 437), (60, 228), (60, 429), (60, 354), (60, 355), (60, 356), (60, 357), (60, 188), (60, 545), (60, 360), (60, 361), (60, 410), (60, 11), (60, 364), (60, 406), (60, 366), (60, 421), (60, 405), (60, 521), (60, 591), (60, 186), (60, 155), (60, 373), (60, 374), (60, 659), (60, 376), (60, 481), (60, 544), (60, 359), (60, 574), (60, 381), (60, 382), (60, 638), (60, 547), (60, 568), (60, 398), (60, 387), (60, 450), (60, 459), (60, 390), (60, 391), (60, 577), (60, 552), (60, 136), (60, 457)]
Residuals
[2.415241210536106e-15, 1.9079307195016782e-15, 1.244441123480404e-15, 1.4988194383684781e-15]
60
[0, 1, 2, 3, 4, 5, 6, 7, 8, 9, 10, 654, 12, 13, 14, 15, 655, 635, 644, 19, 20, 21, 616, 517, 24, 347, 26, 404, 499, 29, 30, 31, 32, 392, 34, 629, 36, 37, 567, 384, 40, 41, 42, 43, 44, 45, 348, 47, 48, 518, 375, 327, 658, 53, 54, 380, 56, 57, 646, 59, 651, 61, 62, 63, 650, 65, 66, 67, 68, 543, 70, 71, 72, 73, 74, 639, 76, 77, 409, 79, 80, 305, 598, 83, 84, 496, 618, 87, 88, 634, 90, 91, 92, 636, 656, 350, 96, 97, 98, 99, 100, 643, 513, 103, 397, 105, 106, 369, 633, 109, 628, 111, 647, 632, 645, 524, 116, 621, 619, 653, 120, 121, 614, 123, 124, 604, 126, 657, 602, 129, 130, 595, 613, 133, 134, 135, 592, 137, 114, 317, 590, 231, 142, 275, 588, 583, 233, 494, 148, 149, 342, 151, 393, 396, 477, 304, 156, 157, 578, 555, 160, 565, 550, 163, 164, 165, 166, 167, 603, 581, 170, 171, 617, 561, 174, 558, 542, 177, 344, 495, 399, 652, 182, 183, 184, 540, 229, 307, 569, 189, 538, 537, 192, 240, 194, 195, 196, 536, 563, 597, 200, 201, 202, 203, 630, 205, 206, 207, 208, 209, 210, 403, 212, 213, 214, 215, 505, 529, 522, 519, 220, 514, 253, 476, 224, 237, 510, 227, 642, 610, 556, 541, 492, 323, 593, 255, 601, 433, 238, 239, 600, 504, 242, 389, 500, 527, 187, 648, 248, 508, 250, 251, 531, 554, 254, 520, 256, 257, 503, 515, 502, 512, 612, 263, 484, 265, 266, 267, 243, 269, 488, 624, 272, 444, 407, 606, 557, 483, 278, 473, 280, 281, 631, 154, 465, 285, 295, 464, 463, 626, 462, 535, 461, 293, 452, 507, 296, 445, 599, 299, 321, 443, 302, 303, 470, 311, 306, 442, 308, 441, 575, 169, 312, 261, 314, 480, 435, 516, 318, 431, 434, 649, 322, 146, 509, 325, 594, 622, 430, 329, 330, 415, 332, 333, 334, 440, 532, 89, 338, 467, 162, 341, 94, 343, 460, 453, 346, 81, 640, 424, 423, 437, 228, 429, 354, 355, 356, 357, 188, 545, 360, 361, 410, 11, 364, 406, 366, 421, 405, 521, 591, 186, 155, 373, 374, 659, 376, 481, 544, 359, 574, 381, 382, 638, 547, 568, 398, 387, 450, 459, 390, 391, 577, 552, 136, 457]
Epoch
61
Epoch time
8.655678272247314
Epoch 61, Loss 0.008474859360291399
Epoch
62
Epoch time
8.597877264022827
Epoch 62, Loss 0.009558046807100406
Epoch
63
Epoch time
8.652318239212036
Epoch 63, Loss 0.009258947509601208
Epoch
64
Epoch time
8.623482942581177
Epoch 64, Loss 0.00851107793735063
Epoch
65
Epoch time
9.041125297546387
Epoch 65, Loss 0.007832389424132771
Epoch
66
Epoch time
9.274811744689941
Epoch 66, Loss 0.0072561753829556135
Epoch
67
Epoch time
8.593526124954224
Epoch 67, Loss 0.006815711478168964
Epoch
68
Epoch time
8.612433671951294
Epoch 68, Loss 0.007133731570594742
Epoch
69
Epoch time
15.535926342010498
Epoch 69, Loss 0.00719401430264611
Epoch
70
Epoch time
9.281174421310425
Epoch 70, Loss 0.00700403458287307
Epoch
71
Epoch time
8.872111320495605
Epoch 71, Loss 0.007273241171197924
Epoch
72
Epoch time
8.89735746383667
Epoch 72, Loss 0.008186796450461694
Epoch
73
Epoch time
9.030988693237305
Epoch 73, Loss 0.006930821892386424
Epoch
74
Epoch time
8.854798555374146
Epoch 74, Loss 0.007818954370629096
Epoch
75
Epoch time
9.382150888442993
Epoch 75, Loss 0.0068186545525490295
Epoch
76
Epoch time
8.949490070343018
Epoch 76, Loss 0.007654565161839552
Epoch
77
Epoch time
13.58216118812561
Epoch 77, Loss 0.007774092549151798
Epoch
78
Epoch time
16.228181838989258
Epoch 78, Loss 0.00710708494882662
Epoch
79
Epoch time
9.569497108459473
Epoch 79, Loss 0.0074491996383687815
Epoch
80
Epoch time
629.749915599823
Epoch 80, Loss 0.006376807074207515
Epoch 80
Selections count 396
Selections(Epoch, batch)
[(80, 0), (80, 1), (80, 2), (80, 3), (80, 4), (80, 5), (80, 6), (80, 7), (80, 8), (80, 9), (80, 10), (80, 654), (80, 12), (80, 13), (80, 14), (80, 15), (80, 655), (80, 635), (80, 644), (80, 19), (80, 20), (80, 21), (80, 616), (80, 517), (80, 24), (80, 347), (80, 26), (80, 404), (80, 499), (80, 29), (80, 30), (80, 31), (80, 32), (80, 392), (80, 34), (80, 629), (80, 36), (80, 37), (80, 567), (80, 384), (80, 40), (80, 41), (80, 42), (80, 43), (80, 44), (80, 45), (80, 348), (80, 47), (80, 48), (80, 518), (80, 375), (80, 327), (80, 658), (80, 53), (80, 54), (80, 380), (80, 56), (80, 57), (80, 646), (80, 59), (80, 651), (80, 61), (80, 62), (80, 63), (80, 650), (80, 65), (80, 66), (80, 67), (80, 68), (80, 543), (80, 70), (80, 71), (80, 72), (80, 73), (80, 74), (80, 639), (80, 76), (80, 77), (80, 409), (80, 79), (80, 80), (80, 305), (80, 598), (80, 83), (80, 84), (80, 496), (80, 618), (80, 87), (80, 88), (80, 634), (80, 90), (80, 91), (80, 92), (80, 636), (80, 656), (80, 350), (80, 96), (80, 97), (80, 98), (80, 99), (80, 100), (80, 643), (80, 513), (80, 103), (80, 397), (80, 105), (80, 106), (80, 369), (80, 633), (80, 109), (80, 628), (80, 111), (80, 647), (80, 632), (80, 645), (80, 524), (80, 116), (80, 621), (80, 619), (80, 653), (80, 120), (80, 121), (80, 614), (80, 123), (80, 124), (80, 604), (80, 126), (80, 657), (80, 602), (80, 129), (80, 130), (80, 595), (80, 613), (80, 133), (80, 134), (80, 135), (80, 592), (80, 137), (80, 114), (80, 317), (80, 590), (80, 231), (80, 142), (80, 275), (80, 588), (80, 583), (80, 233), (80, 494), (80, 148), (80, 149), (80, 342), (80, 151), (80, 393), (80, 396), (80, 477), (80, 304), (80, 156), (80, 157), (80, 578), (80, 555), (80, 160), (80, 565), (80, 550), (80, 163), (80, 164), (80, 165), (80, 166), (80, 167), (80, 603), (80, 581), (80, 170), (80, 171), (80, 617), (80, 561), (80, 174), (80, 558), (80, 542), (80, 177), (80, 344), (80, 495), (80, 399), (80, 652), (80, 182), (80, 183), (80, 184), (80, 540), (80, 229), (80, 307), (80, 569), (80, 189), (80, 538), (80, 537), (80, 192), (80, 240), (80, 194), (80, 195), (80, 196), (80, 536), (80, 563), (80, 597), (80, 200), (80, 201), (80, 202), (80, 203), (80, 630), (80, 205), (80, 206), (80, 523), (80, 208), (80, 209), (80, 210), (80, 403), (80, 212), (80, 213), (80, 214), (80, 215), (80, 505), (80, 529), (80, 522), (80, 519), (80, 220), (80, 514), (80, 544), (80, 476), (80, 224), (80, 237), (80, 510), (80, 227), (80, 642), (80, 610), (80, 556), (80, 541), (80, 478), (80, 525), (80, 593), (80, 530), (80, 601), (80, 433), (80, 238), (80, 239), (80, 600), (80, 504), (80, 587), (80, 389), (80, 500), (80, 527), (80, 528), (80, 521), (80, 248), (80, 508), (80, 250), (80, 251), (80, 531), (80, 554), (80, 254), (80, 520), (80, 256), (80, 257), (80, 503), (80, 515), (80, 502), (80, 512), (80, 577), (80, 263), (80, 608), (80, 265), (80, 266), (80, 267), (80, 625), (80, 269), (80, 488), (80, 641), (80, 272), (80, 559), (80, 407), (80, 606), (80, 557), (80, 483), (80, 278), (80, 473), (80, 280), (80, 281), (80, 631), (80, 249), (80, 465), (80, 285), (80, 295), (80, 464), (80, 463), (80, 626), (80, 462), (80, 535), (80, 461), (80, 293), (80, 452), (80, 507), (80, 296), (80, 445), (80, 599), (80, 299), (80, 359), (80, 443), (80, 302), (80, 303), (80, 470), (80, 311), (80, 306), (80, 442), (80, 308), (80, 441), (80, 575), (80, 169), (80, 312), (80, 261), (80, 314), (80, 480), (80, 435), (80, 383), (80, 318), (80, 431), (80, 434), (80, 388), (80, 322), (80, 146), (80, 509), (80, 325), (80, 204), (80, 219), (80, 430), (80, 329), (80, 330), (80, 415), (80, 332), (80, 333), (80, 334), (80, 440), (80, 532), (80, 89), (80, 338), (80, 467), (80, 336), (80, 341), (80, 594), (80, 343), (80, 460), (80, 453), (80, 346), (80, 81), (80, 371), (80, 659), (80, 423), (80, 437), (80, 228), (80, 429), (80, 354), (80, 132), (80, 356), (80, 357), (80, 122), (80, 545), (80, 360), (80, 361), (80, 410), (80, 11), (80, 364), (80, 406), (80, 366), (80, 421), (80, 405), (80, 141), (80, 113), (80, 107), (80, 497), (80, 373), (80, 374), (80, 539), (80, 376), (80, 481), (80, 55), (80, 313), (80, 574), (80, 381), (80, 382), (80, 638), (80, 547), (80, 568), (80, 398), (80, 387), (80, 450), (80, 459), (80, 390), (80, 391), (80, 102), (80, 552), (80, 136), (80, 457)]
Residuals
[2.415241210536106e-15, 1.9079307195016782e-15, 1.244441123480404e-15, 1.4988194383684781e-15, 1.826550599484736e-15]
80
[0, 1, 2, 3, 4, 5, 6, 7, 8, 9, 10, 654, 12, 13, 14, 15, 655, 635, 644, 19, 20, 21, 616, 517, 24, 347, 26, 404, 499, 29, 30, 31, 32, 392, 34, 629, 36, 37, 567, 384, 40, 41, 42, 43, 44, 45, 348, 47, 48, 518, 375, 327, 658, 53, 54, 380, 56, 57, 646, 59, 651, 61, 62, 63, 650, 65, 66, 67, 68, 543, 70, 71, 72, 73, 74, 639, 76, 77, 409, 79, 80, 305, 598, 83, 84, 496, 618, 87, 88, 634, 90, 91, 92, 636, 656, 350, 96, 97, 98, 99, 100, 643, 513, 103, 397, 105, 106, 369, 633, 109, 628, 111, 647, 632, 645, 524, 116, 621, 619, 653, 120, 121, 614, 123, 124, 604, 126, 657, 602, 129, 130, 595, 613, 133, 134, 135, 592, 137, 114, 317, 590, 231, 142, 275, 588, 583, 233, 494, 148, 149, 342, 151, 393, 396, 477, 304, 156, 157, 578, 555, 160, 565, 550, 163, 164, 165, 166, 167, 603, 581, 170, 171, 617, 561, 174, 558, 542, 177, 344, 495, 399, 652, 182, 183, 184, 540, 229, 307, 569, 189, 538, 537, 192, 240, 194, 195, 196, 536, 563, 597, 200, 201, 202, 203, 630, 205, 206, 523, 208, 209, 210, 403, 212, 213, 214, 215, 505, 529, 522, 519, 220, 514, 544, 476, 224, 237, 510, 227, 642, 610, 556, 541, 478, 525, 593, 530, 601, 433, 238, 239, 600, 504, 587, 389, 500, 527, 528, 521, 248, 508, 250, 251, 531, 554, 254, 520, 256, 257, 503, 515, 502, 512, 577, 263, 608, 265, 266, 267, 625, 269, 488, 641, 272, 559, 407, 606, 557, 483, 278, 473, 280, 281, 631, 249, 465, 285, 295, 464, 463, 626, 462, 535, 461, 293, 452, 507, 296, 445, 599, 299, 359, 443, 302, 303, 470, 311, 306, 442, 308, 441, 575, 169, 312, 261, 314, 480, 435, 383, 318, 431, 434, 388, 322, 146, 509, 325, 204, 219, 430, 329, 330, 415, 332, 333, 334, 440, 532, 89, 338, 467, 336, 341, 594, 343, 460, 453, 346, 81, 371, 659, 423, 437, 228, 429, 354, 132, 356, 357, 122, 545, 360, 361, 410, 11, 364, 406, 366, 421, 405, 141, 113, 107, 497, 373, 374, 539, 376, 481, 55, 313, 574, 381, 382, 638, 547, 568, 398, 387, 450, 459, 390, 391, 102, 552, 136, 457]
Epoch
81
Epoch time
31.258763551712036
Epoch 81, Loss 0.0075804420971697555
Epoch
82
Epoch time
30.982780933380127
Epoch 82, Loss 0.0059996849254846055
Epoch
83
Epoch time
19.5440890789032
Epoch 83, Loss 0.0067877391800720945
Epoch
84
Epoch time
22.051475286483765
Epoch 84, Loss 0.006100870846002403
Epoch
85
Epoch time
18.96357035636902
Epoch 85, Loss 0.00769455538349348
Epoch
86
Epoch time
19.753990650177002
Epoch 86, Loss 0.0058245009141291845
Epoch
87
Epoch time
20.14269757270813
Epoch 87, Loss 0.0062426652793817535
Epoch
88
Epoch time
18.626460552215576
Epoch 88, Loss 0.006289399015630958
Epoch
89
Epoch time
18.05113673210144
Epoch 89, Loss 0.005228032614637641
Epoch
90
Epoch time
20.257875442504883
Epoch 90, Loss 0.005846534185592039
Epoch
91
Epoch time
18.7072970867157
Epoch 91, Loss 0.006013157432788982
Epoch
92
Epoch time
18.487642288208008
Epoch 92, Loss 0.005839912786271195
Epoch
93
Epoch time
19.795148849487305
Epoch 93, Loss 0.0070070451272299765
Epoch
94
Epoch time
16.481318950653076
Epoch 94, Loss 0.004876772373510221
Epoch
95
Epoch time
21.685587644577026
Epoch 95, Loss 0.005336858143210321
Epoch
96
Epoch time
21.74811291694641
Epoch 96, Loss 0.0066544665457252
Epoch
97
Epoch time
23.391546964645386
Epoch 97, Loss 0.006546321782938473
Epoch
98
Epoch time
20.531323432922363
Epoch 98, Loss 0.006126939673422858
Epoch
99
Epoch time
21.577088594436646
Epoch 99, Loss 0.005623952880494537
Epoch
100
Epoch time
660.125340461731
Epoch 100, Loss 0.0059773174555205815
Epoch 100
Selections count 396
Selections(Epoch, batch)
[(100, 0), (100, 1), (100, 2), (100, 3), (100, 4), (100, 5), (100, 6), (100, 7), (100, 8), (100, 9), (100, 10), (100, 654), (100, 12), (100, 13), (100, 14), (100, 15), (100, 655), (100, 635), (100, 644), (100, 19), (100, 20), (100, 21), (100, 616), (100, 517), (100, 24), (100, 347), (100, 26), (100, 404), (100, 499), (100, 29), (100, 30), (100, 31), (100, 32), (100, 392), (100, 34), (100, 629), (100, 36), (100, 37), (100, 567), (100, 384), (100, 40), (100, 41), (100, 42), (100, 43), (100, 44), (100, 45), (100, 348), (100, 47), (100, 48), (100, 518), (100, 375), (100, 327), (100, 658), (100, 53), (100, 54), (100, 380), (100, 56), (100, 57), (100, 646), (100, 59), (100, 651), (100, 61), (100, 62), (100, 63), (100, 650), (100, 65), (100, 66), (100, 67), (100, 68), (100, 543), (100, 70), (100, 71), (100, 72), (100, 73), (100, 74), (100, 639), (100, 76), (100, 77), (100, 409), (100, 79), (100, 80), (100, 305), (100, 598), (100, 83), (100, 84), (100, 496), (100, 618), (100, 87), (100, 88), (100, 634), (100, 90), (100, 91), (100, 92), (100, 636), (100, 656), (100, 350), (100, 96), (100, 97), (100, 98), (100, 99), (100, 100), (100, 643), (100, 513), (100, 103), (100, 397), (100, 105), (100, 106), (100, 369), (100, 633), (100, 109), (100, 628), (100, 111), (100, 647), (100, 632), (100, 645), (100, 524), (100, 116), (100, 621), (100, 619), (100, 653), (100, 120), (100, 121), (100, 614), (100, 123), (100, 124), (100, 604), (100, 126), (100, 657), (100, 602), (100, 129), (100, 130), (100, 595), (100, 613), (100, 133), (100, 134), (100, 135), (100, 592), (100, 137), (100, 114), (100, 317), (100, 590), (100, 231), (100, 142), (100, 275), (100, 588), (100, 583), (100, 233), (100, 494), (100, 148), (100, 149), (100, 342), (100, 151), (100, 393), (100, 319), (100, 477), (100, 363), (100, 156), (100, 475), (100, 578), (100, 555), (100, 160), (100, 565), (100, 550), (100, 163), (100, 164), (100, 165), (100, 166), (100, 167), (100, 603), (100, 581), (100, 170), (100, 171), (100, 288), (100, 449), (100, 174), (100, 558), (100, 542), (100, 177), (100, 468), (100, 495), (100, 399), (100, 652), (100, 182), (100, 183), (100, 184), (100, 540), (100, 264), (100, 307), (100, 569), (100, 189), (100, 538), (100, 537), (100, 474), (100, 240), (100, 194), (100, 195), (100, 196), (100, 536), (100, 563), (100, 597), (100, 200), (100, 201), (100, 202), (100, 203), (100, 630), (100, 205), (100, 461), (100, 546), (100, 208), (100, 527), (100, 210), (100, 403), (100, 212), (100, 213), (100, 214), (100, 215), (100, 505), (100, 529), (100, 522), (100, 519), (100, 220), (100, 514), (100, 490), (100, 476), (100, 224), (100, 237), (100, 510), (100, 227), (100, 642), (100, 610), (100, 556), (100, 541), (100, 383), (100, 248), (100, 593), (100, 419), (100, 601), (100, 433), (100, 238), (100, 239), (100, 600), (100, 504), (100, 625), (100, 389), (100, 500), (100, 416), (100, 528), (100, 627), (100, 335), (100, 508), (100, 250), (100, 251), (100, 531), (100, 554), (100, 254), (100, 520), (100, 256), (100, 257), (100, 503), (100, 515), (100, 502), (100, 512), (100, 641), (100, 263), (100, 343), (100, 265), (100, 266), (100, 267), (100, 179), (100, 269), (100, 488), (100, 367), (100, 272), (100, 559), (100, 407), (100, 606), (100, 557), (100, 483), (100, 278), (100, 473), (100, 280), (100, 281), (100, 631), (100, 249), (100, 465), (100, 285), (100, 295), (100, 464), (100, 463), (100, 626), (100, 462), (100, 535), (100, 258), (100, 293), (100, 452), (100, 507), (100, 296), (100, 445), (100, 599), (100, 299), (100, 424), (100, 443), (100, 302), (100, 303), (100, 470), (100, 311), (100, 306), (100, 442), (100, 308), (100, 441), (100, 575), (100, 169), (100, 312), (100, 261), (100, 314), (100, 480), (100, 435), (100, 589), (100, 318), (100, 431), (100, 434), (100, 388), (100, 322), (100, 146), (100, 509), (100, 325), (100, 532), (100, 219), (100, 430), (100, 329), (100, 330), (100, 415), (100, 332), (100, 333), (100, 334), (100, 440), (100, 622), (100, 659), (100, 338), (100, 467), (100, 336), (100, 341), (100, 46), (100, 181), (100, 460), (100, 453), (100, 346), (100, 81), (100, 371), (100, 23), (100, 423), (100, 437), (100, 228), (100, 429), (100, 354), (100, 132), (100, 356), (100, 357), (100, 122), (100, 545), (100, 360), (100, 361), (100, 410), (100, 11), (100, 364), (100, 406), (100, 366), (100, 421), (100, 405), (100, 141), (100, 113), (100, 107), (100, 497), (100, 373), (100, 374), (100, 539), (100, 376), (100, 481), (100, 55), (100, 313), (100, 574), (100, 381), (100, 382), (100, 638), (100, 547), (100, 568), (100, 398), (100, 387), (100, 450), (100, 459), (100, 390), (100, 391), (100, 457), (100, 552), (100, 136), (100, 315)]
Residuals
[2.415241210536106e-15, 1.9079307195016782e-15, 1.244441123480404e-15, 1.4988194383684781e-15, 1.826550599484736e-15, 1.0361052085558423e-15]
100
[0, 1, 2, 3, 4, 5, 6, 7, 8, 9, 10, 654, 12, 13, 14, 15, 655, 635, 644, 19, 20, 21, 616, 517, 24, 347, 26, 404, 499, 29, 30, 31, 32, 392, 34, 629, 36, 37, 567, 384, 40, 41, 42, 43, 44, 45, 348, 47, 48, 518, 375, 327, 658, 53, 54, 380, 56, 57, 646, 59, 651, 61, 62, 63, 650, 65, 66, 67, 68, 543, 70, 71, 72, 73, 74, 639, 76, 77, 409, 79, 80, 305, 598, 83, 84, 496, 618, 87, 88, 634, 90, 91, 92, 636, 656, 350, 96, 97, 98, 99, 100, 643, 513, 103, 397, 105, 106, 369, 633, 109, 628, 111, 647, 632, 645, 524, 116, 621, 619, 653, 120, 121, 614, 123, 124, 604, 126, 657, 602, 129, 130, 595, 613, 133, 134, 135, 592, 137, 114, 317, 590, 231, 142, 275, 588, 583, 233, 494, 148, 149, 342, 151, 393, 319, 477, 363, 156, 475, 578, 555, 160, 565, 550, 163, 164, 165, 166, 167, 603, 581, 170, 171, 288, 449, 174, 558, 542, 177, 468, 495, 399, 652, 182, 183, 184, 540, 264, 307, 569, 189, 538, 537, 474, 240, 194, 195, 196, 536, 563, 597, 200, 201, 202, 203, 630, 205, 461, 546, 208, 527, 210, 403, 212, 213, 214, 215, 505, 529, 522, 519, 220, 514, 490, 476, 224, 237, 510, 227, 642, 610, 556, 541, 383, 248, 593, 419, 601, 433, 238, 239, 600, 504, 625, 389, 500, 416, 528, 627, 335, 508, 250, 251, 531, 554, 254, 520, 256, 257, 503, 515, 502, 512, 641, 263, 343, 265, 266, 267, 179, 269, 488, 367, 272, 559, 407, 606, 557, 483, 278, 473, 280, 281, 631, 249, 465, 285, 295, 464, 463, 626, 462, 535, 258, 293, 452, 507, 296, 445, 599, 299, 424, 443, 302, 303, 470, 311, 306, 442, 308, 441, 575, 169, 312, 261, 314, 480, 435, 589, 318, 431, 434, 388, 322, 146, 509, 325, 532, 219, 430, 329, 330, 415, 332, 333, 334, 440, 622, 659, 338, 467, 336, 341, 46, 181, 460, 453, 346, 81, 371, 23, 423, 437, 228, 429, 354, 132, 356, 357, 122, 545, 360, 361, 410, 11, 364, 406, 366, 421, 405, 141, 113, 107, 497, 373, 374, 539, 376, 481, 55, 313, 574, 381, 382, 638, 547, 568, 398, 387, 450, 459, 390, 391, 457, 552, 136, 315]
Epoch
101
Epoch time
16.794232606887817
Epoch 101, Loss 0.004958960232419969
Epoch
102
Epoch time
19.78186535835266
Epoch 102, Loss 0.00445635870239253
Epoch
103
Epoch time
18.617247581481934
Epoch 103, Loss 0.005382573936063958
Epoch
104
Epoch time
17.888025760650635
Epoch 104, Loss 0.006226087710820707
Epoch
105
Epoch time
20.136316776275635
Epoch 105, Loss 0.004552048808413929
Epoch
106
Epoch time
18.980584859848022
Epoch 106, Loss 0.005598487954382563
Epoch
107
Epoch time
17.55724287033081
Epoch 107, Loss 0.005729100707821336
Epoch
108
Epoch time
19.714471340179443
Epoch 108, Loss 0.003989346859476086
Epoch
109
Epoch time
16.735219478607178
Epoch 109, Loss 0.004868621631780267
Epoch
110
Epoch time
20.26405096054077
Epoch 110, Loss 0.004813515248503488
Epoch
111
Epoch time
20.115612983703613
Epoch 111, Loss 0.006038308897987269
Epoch
112
Epoch time
18.512394428253174
Epoch 112, Loss 0.00496195690415927
Epoch
113
Epoch time
17.621621131896973
Epoch 113, Loss 0.005084467656328684
Epoch
114
Epoch time
20.144691944122314
Epoch 114, Loss 0.005676709422120183
Epoch
115
Epoch time
19.22703981399536
Epoch 115, Loss 0.004932358583546754
Epoch
116
Epoch time
17.34656310081482
Epoch 116, Loss 0.004428912104330796
Epoch
117
Epoch time
20.018086433410645
Epoch 117, Loss 0.0048046331005409115
Epoch
118
Epoch time
16.36570906639099
Epoch 118, Loss 0.004266328321957354
Epoch
119
Epoch time
20.211052656173706
Epoch 119, Loss 0.005519111689942141
Epoch
120
Epoch time
644.5262389183044
Epoch 120, Loss 0.004942432345123488
Epoch 120
Selections count 396
Selections(Epoch, batch)
[(120, 0), (120, 1), (120, 2), (120, 3), (120, 4), (120, 5), (120, 6), (120, 7), (120, 8), (120, 9), (120, 10), (120, 654), (120, 12), (120, 13), (120, 14), (120, 15), (120, 655), (120, 635), (120, 644), (120, 19), (120, 20), (120, 21), (120, 616), (120, 517), (120, 24), (120, 347), (120, 26), (120, 404), (120, 499), (120, 29), (120, 30), (120, 31), (120, 32), (120, 392), (120, 34), (120, 629), (120, 36), (120, 37), (120, 567), (120, 384), (120, 40), (120, 41), (120, 42), (120, 43), (120, 44), (120, 45), (120, 348), (120, 47), (120, 48), (120, 518), (120, 375), (120, 327), (120, 658), (120, 53), (120, 54), (120, 380), (120, 56), (120, 57), (120, 646), (120, 59), (120, 651), (120, 61), (120, 62), (120, 63), (120, 650), (120, 65), (120, 66), (120, 67), (120, 68), (120, 543), (120, 70), (120, 71), (120, 72), (120, 73), (120, 74), (120, 639), (120, 76), (120, 77), (120, 409), (120, 79), (120, 80), (120, 305), (120, 598), (120, 83), (120, 84), (120, 496), (120, 618), (120, 87), (120, 88), (120, 634), (120, 90), (120, 91), (120, 92), (120, 636), (120, 656), (120, 350), (120, 96), (120, 97), (120, 98), (120, 99), (120, 100), (120, 643), (120, 513), (120, 103), (120, 386), (120, 105), (120, 106), (120, 369), (120, 633), (120, 109), (120, 628), (120, 111), (120, 647), (120, 632), (120, 645), (120, 524), (120, 116), (120, 621), (120, 492), (120, 653), (120, 120), (120, 121), (120, 614), (120, 123), (120, 124), (120, 604), (120, 126), (120, 657), (120, 602), (120, 129), (120, 130), (120, 595), (120, 613), (120, 133), (120, 134), (120, 135), (120, 592), (120, 137), (120, 114), (120, 317), (120, 590), (120, 231), (120, 142), (120, 275), (120, 588), (120, 583), (120, 458), (120, 494), (120, 148), (120, 149), (120, 342), (120, 151), (120, 108), (120, 319), (120, 359), (120, 363), (120, 156), (120, 561), (120, 578), (120, 555), (120, 160), (120, 565), (120, 550), (120, 163), (120, 164), (120, 165), (120, 166), (120, 167), (120, 603), (120, 581), (120, 170), (120, 171), (120, 544), (120, 547), (120, 174), (120, 558), (120, 542), (120, 177), (120, 541), (120, 284), (120, 399), (120, 652), (120, 182), (120, 183), (120, 184), (120, 540), (120, 264), (120, 307), (120, 569), (120, 189), (120, 538), (120, 537), (120, 539), (120, 240), (120, 194), (120, 195), (120, 196), (120, 536), (120, 563), (120, 597), (120, 200), (120, 201), (120, 202), (120, 203), (120, 630), (120, 205), (120, 461), (120, 564), (120, 208), (120, 527), (120, 210), (120, 403), (120, 212), (120, 213), (120, 214), (120, 215), (120, 505), (120, 529), (120, 522), (120, 519), (120, 220), (120, 514), (120, 188), (120, 476), (120, 224), (120, 237), (120, 510), (120, 235), (120, 642), (120, 610), (120, 556), (120, 608), (120, 383), (120, 248), (120, 593), (120, 419), (120, 601), (120, 433), (120, 238), (120, 239), (120, 600), (120, 504), (120, 615), (120, 389), (120, 500), (120, 416), (120, 528), (120, 193), (120, 462), (120, 508), (120, 250), (120, 251), (120, 531), (120, 554), (120, 254), (120, 520), (120, 256), (120, 257), (120, 503), (120, 515), (120, 502), (120, 512), (120, 620), (120, 263), (120, 343), (120, 265), (120, 266), (120, 267), (120, 659), (120, 269), (120, 488), (120, 157), (120, 272), (120, 559), (120, 407), (120, 606), (120, 557), (120, 483), (120, 278), (120, 473), (120, 280), (120, 281), (120, 631), (120, 249), (120, 465), (120, 285), (120, 489), (120, 464), (120, 463), (120, 626), (120, 577), (120, 535), (120, 258), (120, 293), (120, 452), (120, 507), (120, 296), (120, 445), (120, 599), (120, 299), (120, 379), (120, 443), (120, 302), (120, 303), (120, 470), (120, 311), (120, 306), (120, 442), (120, 153), (120, 441), (120, 575), (120, 169), (120, 312), (120, 261), (120, 314), (120, 480), (120, 435), (120, 186), (120, 318), (120, 431), (120, 434), (120, 388), (120, 322), (120, 146), (120, 509), (120, 325), (120, 532), (120, 219), (120, 430), (120, 329), (120, 330), (120, 415), (120, 332), (120, 89), (120, 334), (120, 440), (120, 358), (120, 162), (120, 338), (120, 467), (120, 336), (120, 341), (120, 511), (120, 102), (120, 460), (120, 453), (120, 333), (120, 81), (120, 371), (120, 38), (120, 423), (120, 437), (120, 228), (120, 429), (120, 354), (120, 132), (120, 356), (120, 357), (120, 122), (120, 545), (120, 360), (120, 361), (120, 410), (120, 11), (120, 364), (120, 406), (120, 366), (120, 421), (120, 405), (120, 141), (120, 113), (120, 107), (120, 497), (120, 373), (120, 374), (120, 640), (120, 376), (120, 481), (120, 55), (120, 313), (120, 574), (120, 381), (120, 382), (120, 638), (120, 172), (120, 568), (120, 398), (120, 387), (120, 450), (120, 459), (120, 390), (120, 391), (120, 457), (120, 552), (120, 136), (120, 641)]
Residuals
[2.415241210536106e-15, 1.9079307195016782e-15, 1.244441123480404e-15, 1.4988194383684781e-15, 1.826550599484736e-15, 1.0361052085558423e-15, 1.0691543761984635e-15]
120
[0, 1, 2, 3, 4, 5, 6, 7, 8, 9, 10, 654, 12, 13, 14, 15, 655, 635, 644, 19, 20, 21, 616, 517, 24, 347, 26, 404, 499, 29, 30, 31, 32, 392, 34, 629, 36, 37, 567, 384, 40, 41, 42, 43, 44, 45, 348, 47, 48, 518, 375, 327, 658, 53, 54, 380, 56, 57, 646, 59, 651, 61, 62, 63, 650, 65, 66, 67, 68, 543, 70, 71, 72, 73, 74, 639, 76, 77, 409, 79, 80, 305, 598, 83, 84, 496, 618, 87, 88, 634, 90, 91, 92, 636, 656, 350, 96, 97, 98, 99, 100, 643, 513, 103, 386, 105, 106, 369, 633, 109, 628, 111, 647, 632, 645, 524, 116, 621, 492, 653, 120, 121, 614, 123, 124, 604, 126, 657, 602, 129, 130, 595, 613, 133, 134, 135, 592, 137, 114, 317, 590, 231, 142, 275, 588, 583, 458, 494, 148, 149, 342, 151, 108, 319, 359, 363, 156, 561, 578, 555, 160, 565, 550, 163, 164, 165, 166, 167, 603, 581, 170, 171, 544, 547, 174, 558, 542, 177, 541, 284, 399, 652, 182, 183, 184, 540, 264, 307, 569, 189, 538, 537, 539, 240, 194, 195, 196, 536, 563, 597, 200, 201, 202, 203, 630, 205, 461, 564, 208, 527, 210, 403, 212, 213, 214, 215, 505, 529, 522, 519, 220, 514, 188, 476, 224, 237, 510, 235, 642, 610, 556, 608, 383, 248, 593, 419, 601, 433, 238, 239, 600, 504, 615, 389, 500, 416, 528, 193, 462, 508, 250, 251, 531, 554, 254, 520, 256, 257, 503, 515, 502, 512, 620, 263, 343, 265, 266, 267, 659, 269, 488, 157, 272, 559, 407, 606, 557, 483, 278, 473, 280, 281, 631, 249, 465, 285, 489, 464, 463, 626, 577, 535, 258, 293, 452, 507, 296, 445, 599, 299, 379, 443, 302, 303, 470, 311, 306, 442, 153, 441, 575, 169, 312, 261, 314, 480, 435, 186, 318, 431, 434, 388, 322, 146, 509, 325, 532, 219, 430, 329, 330, 415, 332, 89, 334, 440, 358, 162, 338, 467, 336, 341, 511, 102, 460, 453, 333, 81, 371, 38, 423, 437, 228, 429, 354, 132, 356, 357, 122, 545, 360, 361, 410, 11, 364, 406, 366, 421, 405, 141, 113, 107, 497, 373, 374, 640, 376, 481, 55, 313, 574, 381, 382, 638, 172, 568, 398, 387, 450, 459, 390, 391, 457, 552, 136, 641]
Epoch
121
Epoch time
16.877577781677246
Epoch 121, Loss 0.005567431030128963
Epoch
122
Epoch time
19.813607454299927
Epoch 122, Loss 0.004679384200817805
Epoch
123
Epoch time
18.644144296646118
Epoch 123, Loss 0.004683670636395547
Epoch
124
Epoch time
17.9364275932312
Epoch 124, Loss 0.004756024155463857
Epoch
125
Epoch time
20.182544231414795
Epoch 125, Loss 0.005269926289624986
Epoch
126
Epoch time
18.78662109375
Epoch 126, Loss 0.005264996069129968
Epoch
127
Epoch time
17.789857864379883
Epoch 127, Loss 0.0038932695094400314
Epoch
128
Epoch time
19.745623350143433
Epoch 128, Loss 0.005649942408122174
Epoch
129
Epoch time
16.76337766647339
Epoch 129, Loss 0.004156778292576557
Epoch
130
Epoch time
20.236883878707886
Epoch 130, Loss 0.004760618464102802
Epoch
131
Epoch time
19.74716854095459
Epoch 131, Loss 0.004213908007819498
Epoch
132
Epoch time
19.30122995376587
Epoch 132, Loss 0.0042718402139173385
Epoch
133
Epoch time
17.508848667144775
Epoch 133, Loss 0.005316556495022861
Epoch
134
Epoch time
20.122153759002686
Epoch 134, Loss 0.004048488663098245
Epoch
135
Epoch time
19.09446907043457
Epoch 135, Loss 0.003823907540428806
Epoch
136
Epoch time
17.51729416847229
Epoch 136, Loss 0.004825921567264153
Epoch
137
Epoch time
20.060122966766357
Epoch 137, Loss 0.004420954293475603
Epoch
138
Epoch time
18.54130744934082
Epoch 138, Loss 0.003660191667453129
Epoch
139
Epoch time
17.70991039276123
Epoch 139, Loss 0.004694062450341541
Epoch
140
Epoch time
612.0389630794525
Epoch 140, Loss 0.00482410582221803
Epoch 140
Selections count 396
Selections(Epoch, batch)
[(140, 0), (140, 1), (140, 2), (140, 3), (140, 4), (140, 5), (140, 6), (140, 7), (140, 8), (140, 9), (140, 10), (140, 654), (140, 12), (140, 13), (140, 14), (140, 15), (140, 655), (140, 635), (140, 644), (140, 19), (140, 20), (140, 21), (140, 616), (140, 517), (140, 24), (140, 347), (140, 26), (140, 404), (140, 499), (140, 29), (140, 30), (140, 31), (140, 32), (140, 392), (140, 34), (140, 629), (140, 36), (140, 37), (140, 567), (140, 384), (140, 40), (140, 41), (140, 42), (140, 43), (140, 44), (140, 45), (140, 348), (140, 47), (140, 48), (140, 518), (140, 375), (140, 327), (140, 658), (140, 53), (140, 54), (140, 380), (140, 56), (140, 57), (140, 646), (140, 59), (140, 651), (140, 61), (140, 62), (140, 63), (140, 650), (140, 65), (140, 66), (140, 67), (140, 68), (140, 543), (140, 70), (140, 71), (140, 72), (140, 73), (140, 74), (140, 639), (140, 76), (140, 77), (140, 409), (140, 79), (140, 80), (140, 305), (140, 598), (140, 83), (140, 84), (140, 496), (140, 618), (140, 87), (140, 88), (140, 634), (140, 90), (140, 91), (140, 92), (140, 636), (140, 656), (140, 350), (140, 96), (140, 97), (140, 98), (140, 99), (140, 100), (140, 643), (140, 513), (140, 103), (140, 386), (140, 105), (140, 106), (140, 369), (140, 633), (140, 109), (140, 628), (140, 111), (140, 647), (140, 632), (140, 645), (140, 524), (140, 116), (140, 621), (140, 492), (140, 653), (140, 120), (140, 121), (140, 614), (140, 123), (140, 124), (140, 604), (140, 126), (140, 657), (140, 602), (140, 129), (140, 130), (140, 595), (140, 613), (140, 133), (140, 134), (140, 135), (140, 592), (140, 137), (140, 114), (140, 317), (140, 590), (140, 469), (140, 142), (140, 275), (140, 588), (140, 583), (140, 458), (140, 494), (140, 148), (140, 149), (140, 342), (140, 151), (140, 108), (140, 319), (140, 359), (140, 363), (140, 156), (140, 561), (140, 578), (140, 555), (140, 160), (140, 565), (140, 550), (140, 163), (140, 164), (140, 165), (140, 166), (140, 167), (140, 603), (140, 581), (140, 170), (140, 171), (140, 544), (140, 547), (140, 174), (140, 558), (140, 542), (140, 177), (140, 541), (140, 412), (140, 399), (140, 652), (140, 182), (140, 183), (140, 184), (140, 540), (140, 264), (140, 307), (140, 569), (140, 189), (140, 538), (140, 537), (140, 539), (140, 240), (140, 194), (140, 195), (140, 196), (140, 536), (140, 563), (140, 597), (140, 200), (140, 201), (140, 202), (140, 203), (140, 630), (140, 205), (140, 461), (140, 449), (140, 208), (140, 527), (140, 210), (140, 403), (140, 212), (140, 213), (140, 214), (140, 215), (140, 505), (140, 529), (140, 522), (140, 519), (140, 220), (140, 514), (140, 188), (140, 476), (140, 224), (140, 237), (140, 510), (140, 235), (140, 642), (140, 610), (140, 556), (140, 580), (140, 383), (140, 248), (140, 593), (140, 489), (140, 601), (140, 433), (140, 238), (140, 239), (140, 600), (140, 504), (140, 396), (140, 389), (140, 500), (140, 416), (140, 528), (140, 193), (140, 462), (140, 508), (140, 250), (140, 251), (140, 531), (140, 554), (140, 254), (140, 520), (140, 256), (140, 257), (140, 503), (140, 515), (140, 502), (140, 512), (140, 397), (140, 263), (140, 343), (140, 265), (140, 266), (140, 267), (140, 521), (140, 269), (140, 488), (140, 157), (140, 272), (140, 559), (140, 407), (140, 606), (140, 557), (140, 483), (140, 278), (140, 473), (140, 280), (140, 281), (140, 631), (140, 249), (140, 465), (140, 285), (140, 619), (140, 464), (140, 463), (140, 626), (140, 577), (140, 535), (140, 258), (140, 293), (140, 452), (140, 507), (140, 296), (140, 445), (140, 599), (140, 299), (140, 482), (140, 443), (140, 302), (140, 303), (140, 470), (140, 311), (140, 306), (140, 442), (140, 229), (140, 441), (140, 575), (140, 169), (140, 312), (140, 261), (140, 314), (140, 480), (140, 435), (140, 186), (140, 318), (140, 431), (140, 434), (140, 571), (140, 322), (140, 146), (140, 509), (140, 325), (140, 532), (140, 219), (140, 430), (140, 329), (140, 330), (140, 415), (140, 332), (140, 89), (140, 334), (140, 440), (140, 358), (140, 477), (140, 338), (140, 467), (140, 336), (140, 341), (140, 511), (140, 102), (140, 460), (140, 453), (140, 394), (140, 81), (140, 371), (140, 38), (140, 423), (140, 437), (140, 228), (140, 429), (140, 354), (140, 132), (140, 356), (140, 357), (140, 308), (140, 545), (140, 360), (140, 361), (140, 410), (140, 11), (140, 364), (140, 406), (140, 366), (140, 421), (140, 405), (140, 141), (140, 379), (140, 107), (140, 570), (140, 373), (140, 374), (140, 659), (140, 641), (140, 481), (140, 55), (140, 313), (140, 574), (140, 381), (140, 382), (140, 638), (140, 424), (140, 568), (140, 398), (140, 387), (140, 450), (140, 459), (140, 390), (140, 391), (140, 457), (140, 295), (140, 136), (140, 649)]
Residuals
[2.415241210536106e-15, 1.9079307195016782e-15, 1.244441123480404e-15, 1.4988194383684781e-15, 1.826550599484736e-15, 1.0361052085558423e-15, 1.0691543761984635e-15, 1.212113387906496e-15]
140
[0, 1, 2, 3, 4, 5, 6, 7, 8, 9, 10, 654, 12, 13, 14, 15, 655, 635, 644, 19, 20, 21, 616, 517, 24, 347, 26, 404, 499, 29, 30, 31, 32, 392, 34, 629, 36, 37, 567, 384, 40, 41, 42, 43, 44, 45, 348, 47, 48, 518, 375, 327, 658, 53, 54, 380, 56, 57, 646, 59, 651, 61, 62, 63, 650, 65, 66, 67, 68, 543, 70, 71, 72, 73, 74, 639, 76, 77, 409, 79, 80, 305, 598, 83, 84, 496, 618, 87, 88, 634, 90, 91, 92, 636, 656, 350, 96, 97, 98, 99, 100, 643, 513, 103, 386, 105, 106, 369, 633, 109, 628, 111, 647, 632, 645, 524, 116, 621, 492, 653, 120, 121, 614, 123, 124, 604, 126, 657, 602, 129, 130, 595, 613, 133, 134, 135, 592, 137, 114, 317, 590, 469, 142, 275, 588, 583, 458, 494, 148, 149, 342, 151, 108, 319, 359, 363, 156, 561, 578, 555, 160, 565, 550, 163, 164, 165, 166, 167, 603, 581, 170, 171, 544, 547, 174, 558, 542, 177, 541, 412, 399, 652, 182, 183, 184, 540, 264, 307, 569, 189, 538, 537, 539, 240, 194, 195, 196, 536, 563, 597, 200, 201, 202, 203, 630, 205, 461, 449, 208, 527, 210, 403, 212, 213, 214, 215, 505, 529, 522, 519, 220, 514, 188, 476, 224, 237, 510, 235, 642, 610, 556, 580, 383, 248, 593, 489, 601, 433, 238, 239, 600, 504, 396, 389, 500, 416, 528, 193, 462, 508, 250, 251, 531, 554, 254, 520, 256, 257, 503, 515, 502, 512, 397, 263, 343, 265, 266, 267, 521, 269, 488, 157, 272, 559, 407, 606, 557, 483, 278, 473, 280, 281, 631, 249, 465, 285, 619, 464, 463, 626, 577, 535, 258, 293, 452, 507, 296, 445, 599, 299, 482, 443, 302, 303, 470, 311, 306, 442, 229, 441, 575, 169, 312, 261, 314, 480, 435, 186, 318, 431, 434, 571, 322, 146, 509, 325, 532, 219, 430, 329, 330, 415, 332, 89, 334, 440, 358, 477, 338, 467, 336, 341, 511, 102, 460, 453, 394, 81, 371, 38, 423, 437, 228, 429, 354, 132, 356, 357, 308, 545, 360, 361, 410, 11, 364, 406, 366, 421, 405, 141, 379, 107, 570, 373, 374, 659, 641, 481, 55, 313, 574, 381, 382, 638, 424, 568, 398, 387, 450, 459, 390, 391, 457, 295, 136, 649]
Epoch
141
Epoch time
8.508910417556763
Epoch 141, Loss 0.004672776727323663
Epoch
142
Epoch time
8.48636507987976
Epoch 142, Loss 0.0041596314327621425
Epoch
143
Epoch time
10.301785469055176
Epoch 143, Loss 0.0035917087906213395
Epoch
144
Epoch time
8.503826379776001
Epoch 144, Loss 0.00416243497166486
Epoch
145
Epoch time
11.409578561782837
Epoch 145, Loss 0.004797387089054392
Epoch
146
Epoch time
10.061115741729736
Epoch 146, Loss 0.0032712485858409934
Epoch
147
Epoch time
8.488627195358276
Epoch 147, Loss 0.0039657093438396395
Epoch
148
Epoch time
8.495616912841797
Epoch 148, Loss 0.002997059858667838
Epoch
149
Epoch time
10.131559371948242
Epoch 149, Loss 0.004164794888891166
Epoch
150
Epoch time
10.943067073822021
Epoch 150, Loss 0.0032289189909692575
Epoch
151
Epoch time
10.396647691726685
Epoch 151, Loss 0.004161363616350299
Epoch
152
Epoch time
8.580675840377808
Epoch 152, Loss 0.005253782660549622
Epoch
153
Epoch time
8.585726976394653
Epoch 153, Loss 0.003653273013400001
Epoch
154
Epoch time
8.56783676147461
Epoch 154, Loss 0.0038635955776620415
Epoch
155
Epoch time
9.202315330505371
Epoch 155, Loss 0.004209714315645977
Epoch
156
Epoch time
8.561503171920776
Epoch 156, Loss 0.004524563604852408
Epoch
157
Epoch time
8.59042501449585
Epoch 157, Loss 0.0052188053337584965
Epoch
158
Epoch time
8.557769536972046
Epoch 158, Loss 0.004297160630625759
Epoch
159
Epoch time
8.58139967918396
Epoch 159, Loss 0.004485510668730039
Epoch
160
Epoch time
597.6171309947968
Epoch 160, Loss 0.004690431692980468
Epoch 160
Selections count 396
Selections(Epoch, batch)
[(160, 0), (160, 1), (160, 2), (160, 3), (160, 4), (160, 5), (160, 6), (160, 7), (160, 8), (160, 9), (160, 10), (160, 654), (160, 12), (160, 13), (160, 14), (160, 15), (160, 655), (160, 635), (160, 644), (160, 19), (160, 20), (160, 21), (160, 616), (160, 517), (160, 24), (160, 347), (160, 26), (160, 404), (160, 499), (160, 29), (160, 30), (160, 31), (160, 32), (160, 392), (160, 34), (160, 629), (160, 36), (160, 37), (160, 567), (160, 384), (160, 40), (160, 41), (160, 42), (160, 43), (160, 44), (160, 45), (160, 348), (160, 47), (160, 48), (160, 518), (160, 375), (160, 327), (160, 658), (160, 53), (160, 54), (160, 380), (160, 56), (160, 57), (160, 646), (160, 59), (160, 651), (160, 61), (160, 62), (160, 63), (160, 650), (160, 65), (160, 66), (160, 67), (160, 68), (160, 543), (160, 70), (160, 71), (160, 72), (160, 73), (160, 74), (160, 639), (160, 76), (160, 77), (160, 409), (160, 79), (160, 80), (160, 305), (160, 598), (160, 83), (160, 84), (160, 496), (160, 618), (160, 87), (160, 88), (160, 634), (160, 90), (160, 91), (160, 92), (160, 636), (160, 656), (160, 350), (160, 96), (160, 97), (160, 98), (160, 99), (160, 100), (160, 643), (160, 513), (160, 103), (160, 386), (160, 105), (160, 106), (160, 369), (160, 633), (160, 109), (160, 628), (160, 111), (160, 647), (160, 632), (160, 645), (160, 524), (160, 116), (160, 621), (160, 447), (160, 653), (160, 120), (160, 121), (160, 614), (160, 123), (160, 124), (160, 604), (160, 126), (160, 657), (160, 289), (160, 129), (160, 130), (160, 595), (160, 613), (160, 133), (160, 134), (160, 135), (160, 592), (160, 137), (160, 114), (160, 317), (160, 590), (160, 469), (160, 142), (160, 275), (160, 588), (160, 583), (160, 458), (160, 494), (160, 148), (160, 149), (160, 342), (160, 151), (160, 108), (160, 319), (160, 359), (160, 363), (160, 156), (160, 561), (160, 578), (160, 555), (160, 160), (160, 565), (160, 550), (160, 163), (160, 164), (160, 165), (160, 166), (160, 167), (160, 603), (160, 581), (160, 170), (160, 171), (160, 544), (160, 547), (160, 174), (160, 558), (160, 542), (160, 177), (160, 541), (160, 400), (160, 399), (160, 652), (160, 182), (160, 183), (160, 184), (160, 540), (160, 264), (160, 307), (160, 569), (160, 189), (160, 538), (160, 537), (160, 539), (160, 240), (160, 194), (160, 195), (160, 196), (160, 536), (160, 563), (160, 597), (160, 200), (160, 201), (160, 202), (160, 203), (160, 630), (160, 205), (160, 530), (160, 659), (160, 208), (160, 172), (160, 210), (160, 403), (160, 212), (160, 213), (160, 214), (160, 215), (160, 505), (160, 529), (160, 522), (160, 519), (160, 220), (160, 514), (160, 188), (160, 476), (160, 224), (160, 413), (160, 510), (160, 235), (160, 642), (160, 610), (160, 556), (160, 615), (160, 383), (160, 336), (160, 593), (160, 489), (160, 601), (160, 433), (160, 238), (160, 239), (160, 600), (160, 504), (160, 396), (160, 389), (160, 500), (160, 416), (160, 231), (160, 193), (160, 462), (160, 508), (160, 250), (160, 251), (160, 531), (160, 554), (160, 254), (160, 520), (160, 256), (160, 257), (160, 503), (160, 515), (160, 502), (160, 512), (160, 393), (160, 263), (160, 343), (160, 265), (160, 266), (160, 267), (160, 422), (160, 269), (160, 488), (160, 157), (160, 272), (160, 559), (160, 407), (160, 606), (160, 557), (160, 483), (160, 278), (160, 473), (160, 280), (160, 281), (160, 631), (160, 249), (160, 465), (160, 285), (160, 468), (160, 464), (160, 463), (160, 626), (160, 577), (160, 535), (160, 388), (160, 293), (160, 452), (160, 507), (160, 296), (160, 445), (160, 599), (160, 299), (160, 227), (160, 443), (160, 302), (160, 303), (160, 470), (160, 311), (160, 306), (160, 442), (160, 641), (160, 441), (160, 575), (160, 169), (160, 312), (160, 261), (160, 314), (160, 480), (160, 435), (160, 186), (160, 318), (160, 431), (160, 434), (160, 122), (160, 322), (160, 146), (160, 509), (160, 325), (160, 532), (160, 219), (160, 430), (160, 329), (160, 330), (160, 415), (160, 332), (160, 89), (160, 334), (160, 440), (160, 497), (160, 419), (160, 338), (160, 467), (160, 335), (160, 341), (160, 511), (160, 315), (160, 460), (160, 453), (160, 376), (160, 81), (160, 371), (160, 640), (160, 423), (160, 437), (160, 228), (160, 429), (160, 354), (160, 132), (160, 356), (160, 357), (160, 552), (160, 545), (160, 360), (160, 361), (160, 410), (160, 11), (160, 364), (160, 406), (160, 366), (160, 421), (160, 405), (160, 141), (160, 379), (160, 484), (160, 638), (160, 373), (160, 374), (160, 162), (160, 477), (160, 481), (160, 55), (160, 313), (160, 574), (160, 381), (160, 382), (160, 204), (160, 649), (160, 568), (160, 398), (160, 387), (160, 450), (160, 459), (160, 390), (160, 391), (160, 457), (160, 295), (160, 136), (160, 187)]
Residuals
[2.415241210536106e-15, 1.9079307195016782e-15, 1.244441123480404e-15, 1.4988194383684781e-15, 1.826550599484736e-15, 1.0361052085558423e-15, 1.0691543761984635e-15, 1.212113387906496e-15, 1.1278128709702326e-15]
160
[0, 1, 2, 3, 4, 5, 6, 7, 8, 9, 10, 654, 12, 13, 14, 15, 655, 635, 644, 19, 20, 21, 616, 517, 24, 347, 26, 404, 499, 29, 30, 31, 32, 392, 34, 629, 36, 37, 567, 384, 40, 41, 42, 43, 44, 45, 348, 47, 48, 518, 375, 327, 658, 53, 54, 380, 56, 57, 646, 59, 651, 61, 62, 63, 650, 65, 66, 67, 68, 543, 70, 71, 72, 73, 74, 639, 76, 77, 409, 79, 80, 305, 598, 83, 84, 496, 618, 87, 88, 634, 90, 91, 92, 636, 656, 350, 96, 97, 98, 99, 100, 643, 513, 103, 386, 105, 106, 369, 633, 109, 628, 111, 647, 632, 645, 524, 116, 621, 447, 653, 120, 121, 614, 123, 124, 604, 126, 657, 289, 129, 130, 595, 613, 133, 134, 135, 592, 137, 114, 317, 590, 469, 142, 275, 588, 583, 458, 494, 148, 149, 342, 151, 108, 319, 359, 363, 156, 561, 578, 555, 160, 565, 550, 163, 164, 165, 166, 167, 603, 581, 170, 171, 544, 547, 174, 558, 542, 177, 541, 400, 399, 652, 182, 183, 184, 540, 264, 307, 569, 189, 538, 537, 539, 240, 194, 195, 196, 536, 563, 597, 200, 201, 202, 203, 630, 205, 530, 659, 208, 172, 210, 403, 212, 213, 214, 215, 505, 529, 522, 519, 220, 514, 188, 476, 224, 413, 510, 235, 642, 610, 556, 615, 383, 336, 593, 489, 601, 433, 238, 239, 600, 504, 396, 389, 500, 416, 231, 193, 462, 508, 250, 251, 531, 554, 254, 520, 256, 257, 503, 515, 502, 512, 393, 263, 343, 265, 266, 267, 422, 269, 488, 157, 272, 559, 407, 606, 557, 483, 278, 473, 280, 281, 631, 249, 465, 285, 468, 464, 463, 626, 577, 535, 388, 293, 452, 507, 296, 445, 599, 299, 227, 443, 302, 303, 470, 311, 306, 442, 641, 441, 575, 169, 312, 261, 314, 480, 435, 186, 318, 431, 434, 122, 322, 146, 509, 325, 532, 219, 430, 329, 330, 415, 332, 89, 334, 440, 497, 419, 338, 467, 335, 341, 511, 315, 460, 453, 376, 81, 371, 640, 423, 437, 228, 429, 354, 132, 356, 357, 552, 545, 360, 361, 410, 11, 364, 406, 366, 421, 405, 141, 379, 484, 638, 373, 374, 162, 477, 481, 55, 313, 574, 381, 382, 204, 649, 568, 398, 387, 450, 459, 390, 391, 457, 295, 136, 187]
Epoch
161
Epoch time
8.457481384277344
Epoch 161, Loss 0.003240872133508136
Epoch
162
Epoch time
8.466233253479004
Epoch 162, Loss 0.00393817300825243
Epoch
163
Epoch time
8.490957260131836
Epoch 163, Loss 0.003586795805656108
Epoch
164
Epoch time
8.689510107040405
Epoch 164, Loss 0.004114513870465858
Epoch
165
Epoch time
9.30708360671997
Epoch 165, Loss 0.003944487343462176
Epoch
166
Epoch time
8.520628690719604
Epoch 166, Loss 0.0038175712267954627
Epoch
167
Epoch time
14.397789239883423
Epoch 167, Loss 0.003949474602792063
Epoch
168
Epoch time
13.76390290260315
Epoch 168, Loss 0.0037240792174309217
Epoch
169
Epoch time
11.409573554992676
Epoch 169, Loss 0.004410026223833145
Epoch
170
Epoch time
12.056167840957642
Epoch 170, Loss 0.003512234899880961
Epoch
171
Epoch time
11.424774646759033
Epoch 171, Loss 0.0036157220669943988
Epoch
172
Epoch time
11.391707181930542
Epoch 172, Loss 0.003374576143035899
Epoch
173
Epoch time
11.388415813446045
Epoch 173, Loss 0.0032293627513497822
Epoch
174
Epoch time
11.421066999435425
Epoch 174, Loss 0.0034110007071162228
Epoch
175
Epoch time
12.036459684371948
Epoch 175, Loss 0.0037551227193545838
Epoch
176
Epoch time
11.39990758895874
Epoch 176, Loss 0.0038288755516170288
Epoch
177
Epoch time
11.405445098876953
Epoch 177, Loss 0.0031274497309633155
Epoch
178
Epoch time
11.420169115066528
Epoch 178, Loss 0.0035835209962341826
Epoch
179
Epoch time
11.41410517692566
Epoch 179, Loss 0.003652649018789352
Epoch
180
Epoch time
518.7114369869232
Epoch 180, Loss 0.003783902044833288
Epoch 180
Selections count 396
Selections(Epoch, batch)
[(180, 0), (180, 1), (180, 2), (180, 3), (180, 4), (180, 5), (180, 6), (180, 7), (180, 8), (180, 9), (180, 10), (180, 654), (180, 12), (180, 13), (180, 14), (180, 15), (180, 655), (180, 635), (180, 644), (180, 19), (180, 20), (180, 21), (180, 616), (180, 517), (180, 24), (180, 347), (180, 26), (180, 404), (180, 499), (180, 29), (180, 30), (180, 31), (180, 32), (180, 392), (180, 34), (180, 629), (180, 36), (180, 37), (180, 567), (180, 384), (180, 40), (180, 41), (180, 42), (180, 43), (180, 44), (180, 45), (180, 348), (180, 47), (180, 48), (180, 518), (180, 375), (180, 327), (180, 658), (180, 53), (180, 54), (180, 380), (180, 56), (180, 57), (180, 646), (180, 59), (180, 651), (180, 61), (180, 62), (180, 63), (180, 650), (180, 65), (180, 66), (180, 67), (180, 68), (180, 543), (180, 70), (180, 71), (180, 72), (180, 73), (180, 74), (180, 639), (180, 76), (180, 77), (180, 409), (180, 79), (180, 80), (180, 305), (180, 598), (180, 83), (180, 84), (180, 496), (180, 618), (180, 87), (180, 88), (180, 634), (180, 90), (180, 91), (180, 92), (180, 636), (180, 656), (180, 350), (180, 96), (180, 97), (180, 98), (180, 99), (180, 100), (180, 643), (180, 513), (180, 103), (180, 386), (180, 105), (180, 106), (180, 369), (180, 633), (180, 109), (180, 628), (180, 111), (180, 647), (180, 632), (180, 645), (180, 524), (180, 116), (180, 621), (180, 447), (180, 653), (180, 120), (180, 121), (180, 614), (180, 123), (180, 124), (180, 604), (180, 126), (180, 657), (180, 289), (180, 129), (180, 130), (180, 595), (180, 613), (180, 133), (180, 134), (180, 135), (180, 592), (180, 137), (180, 114), (180, 317), (180, 590), (180, 469), (180, 142), (180, 275), (180, 588), (180, 583), (180, 458), (180, 494), (180, 148), (180, 149), (180, 342), (180, 151), (180, 108), (180, 319), (180, 359), (180, 363), (180, 156), (180, 561), (180, 578), (180, 555), (180, 160), (180, 565), (180, 550), (180, 163), (180, 164), (180, 165), (180, 166), (180, 167), (180, 603), (180, 581), (180, 170), (180, 171), (180, 544), (180, 564), (180, 174), (180, 558), (180, 542), (180, 177), (180, 541), (180, 400), (180, 399), (180, 652), (180, 182), (180, 183), (180, 184), (180, 540), (180, 264), (180, 307), (180, 569), (180, 189), (180, 538), (180, 537), (180, 539), (180, 240), (180, 194), (180, 195), (180, 196), (180, 536), (180, 563), (180, 597), (180, 200), (180, 201), (180, 202), (180, 203), (180, 630), (180, 205), (180, 530), (180, 659), (180, 208), (180, 173), (180, 210), (180, 403), (180, 212), (180, 213), (180, 214), (180, 215), (180, 505), (180, 529), (180, 522), (180, 519), (180, 220), (180, 514), (180, 188), (180, 259), (180, 224), (180, 408), (180, 510), (180, 533), (180, 642), (180, 610), (180, 556), (180, 615), (180, 249), (180, 336), (180, 593), (180, 253), (180, 601), (180, 433), (180, 238), (180, 239), (180, 600), (180, 504), (180, 414), (180, 389), (180, 500), (180, 416), (180, 521), (180, 546), (180, 258), (180, 508), (180, 250), (180, 251), (180, 531), (180, 554), (180, 254), (180, 520), (180, 256), (180, 257), (180, 503), (180, 515), (180, 502), (180, 512), (180, 393), (180, 263), (180, 343), (180, 265), (180, 266), (180, 267), (180, 482), (180, 609), (180, 488), (180, 157), (180, 272), (180, 559), (180, 407), (180, 606), (180, 557), (180, 483), (180, 278), (180, 473), (180, 280), (180, 281), (180, 584), (180, 627), (180, 465), (180, 285), (180, 245), (180, 464), (180, 463), (180, 626), (180, 577), (180, 535), (180, 388), (180, 293), (180, 452), (180, 507), (180, 296), (180, 445), (180, 599), (180, 299), (180, 227), (180, 443), (180, 302), (180, 303), (180, 470), (180, 311), (180, 306), (180, 442), (180, 476), (180, 441), (180, 575), (180, 552), (180, 312), (180, 261), (180, 314), (180, 480), (180, 435), (180, 186), (180, 318), (180, 431), (180, 434), (180, 122), (180, 322), (180, 146), (180, 509), (180, 325), (180, 532), (180, 219), (180, 430), (180, 329), (180, 330), (180, 415), (180, 332), (180, 89), (180, 334), (180, 440), (180, 497), (180, 419), (180, 338), (180, 467), (180, 335), (180, 341), (180, 511), (180, 358), (180, 460), (180, 453), (180, 481), (180, 81), (180, 371), (180, 237), (180, 423), (180, 437), (180, 228), (180, 429), (180, 354), (180, 132), (180, 356), (180, 357), (180, 461), (180, 545), (180, 360), (180, 361), (180, 410), (180, 11), (180, 364), (180, 406), (180, 366), (180, 421), (180, 405), (180, 141), (180, 379), (180, 181), (180, 638), (180, 373), (180, 374), (180, 162), (180, 439), (180, 631), (180, 55), (180, 313), (180, 574), (180, 381), (180, 382), (180, 641), (180, 107), (180, 568), (180, 398), (180, 387), (180, 450), (180, 459), (180, 390), (180, 391), (180, 457), (180, 295), (180, 136), (180, 649)]
Residuals
[2.415241210536106e-15, 1.9079307195016782e-15, 1.244441123480404e-15, 1.4988194383684781e-15, 1.826550599484736e-15, 1.0361052085558423e-15, 1.0691543761984635e-15, 1.212113387906496e-15, 1.1278128709702326e-15, 2.0106408102664055e-15]
180
[0, 1, 2, 3, 4, 5, 6, 7, 8, 9, 10, 654, 12, 13, 14, 15, 655, 635, 644, 19, 20, 21, 616, 517, 24, 347, 26, 404, 499, 29, 30, 31, 32, 392, 34, 629, 36, 37, 567, 384, 40, 41, 42, 43, 44, 45, 348, 47, 48, 518, 375, 327, 658, 53, 54, 380, 56, 57, 646, 59, 651, 61, 62, 63, 650, 65, 66, 67, 68, 543, 70, 71, 72, 73, 74, 639, 76, 77, 409, 79, 80, 305, 598, 83, 84, 496, 618, 87, 88, 634, 90, 91, 92, 636, 656, 350, 96, 97, 98, 99, 100, 643, 513, 103, 386, 105, 106, 369, 633, 109, 628, 111, 647, 632, 645, 524, 116, 621, 447, 653, 120, 121, 614, 123, 124, 604, 126, 657, 289, 129, 130, 595, 613, 133, 134, 135, 592, 137, 114, 317, 590, 469, 142, 275, 588, 583, 458, 494, 148, 149, 342, 151, 108, 319, 359, 363, 156, 561, 578, 555, 160, 565, 550, 163, 164, 165, 166, 167, 603, 581, 170, 171, 544, 564, 174, 558, 542, 177, 541, 400, 399, 652, 182, 183, 184, 540, 264, 307, 569, 189, 538, 537, 539, 240, 194, 195, 196, 536, 563, 597, 200, 201, 202, 203, 630, 205, 530, 659, 208, 173, 210, 403, 212, 213, 214, 215, 505, 529, 522, 519, 220, 514, 188, 259, 224, 408, 510, 533, 642, 610, 556, 615, 249, 336, 593, 253, 601, 433, 238, 239, 600, 504, 414, 389, 500, 416, 521, 546, 258, 508, 250, 251, 531, 554, 254, 520, 256, 257, 503, 515, 502, 512, 393, 263, 343, 265, 266, 267, 482, 609, 488, 157, 272, 559, 407, 606, 557, 483, 278, 473, 280, 281, 584, 627, 465, 285, 245, 464, 463, 626, 577, 535, 388, 293, 452, 507, 296, 445, 599, 299, 227, 443, 302, 303, 470, 311, 306, 442, 476, 441, 575, 552, 312, 261, 314, 480, 435, 186, 318, 431, 434, 122, 322, 146, 509, 325, 532, 219, 430, 329, 330, 415, 332, 89, 334, 440, 497, 419, 338, 467, 335, 341, 511, 358, 460, 453, 481, 81, 371, 237, 423, 437, 228, 429, 354, 132, 356, 357, 461, 545, 360, 361, 410, 11, 364, 406, 366, 421, 405, 141, 379, 181, 638, 373, 374, 162, 439, 631, 55, 313, 574, 381, 382, 641, 107, 568, 398, 387, 450, 459, 390, 391, 457, 295, 136, 649]
Epoch
181
Epoch time
10.11470890045166
Epoch 181, Loss 0.003969551874562001
Epoch
182
Epoch time
8.604882001876831
Epoch 182, Loss 0.0036495093119604445
Epoch
183
Epoch time
8.64451813697815
Epoch 183, Loss 0.0031206785472989887
Epoch
184
Epoch time
8.634657382965088
Epoch 184, Loss 0.004444794070209781
Epoch
185
Epoch time
9.07034969329834
Epoch 185, Loss 0.004860182798317728
Epoch
186
Epoch time
8.794289827346802
Epoch 186, Loss 0.004244477364823354
Epoch
187
Epoch time
8.599468469619751
Epoch 187, Loss 0.00353122683186923
Epoch
188
Epoch time
8.637978553771973
Epoch 188, Loss 0.0033268603318110006
Epoch
189
Epoch time
8.562705993652344
Epoch 189, Loss 0.0034028985025483394
Epoch
190
Epoch time
9.309113502502441
Epoch 190, Loss 0.0033904116243916606
Epoch
191
Epoch time
8.634890794754028
Epoch 191, Loss 0.0039997780702477215
Epoch
192
Epoch time
8.602130651473999
Epoch 192, Loss 0.0033941620900916486
Epoch
193
Epoch time
8.599257707595825
Epoch 193, Loss 0.0036034658420230413
Epoch
194
Epoch time
8.593533754348755
Epoch 194, Loss 0.0025806898440723456
Epoch
195
Epoch time
9.246441841125488
Epoch 195, Loss 0.0035863486379837184
Epoch
196
Epoch time
8.668082237243652
Epoch 196, Loss 0.0037082914832458633
Epoch
197
Epoch time
8.653961896896362
Epoch 197, Loss 0.002655816535973106
Epoch
198
Epoch time
8.590340375900269
Epoch 198, Loss 0.0033646078568081352
Epoch
199
Epoch time
8.798902988433838
Epoch 199, Loss 0.002648799975636106
