600
torch.Size([66000, 1, 1, 28, 28])
Epoch
0
Epoch time
533.2956557273865
Epoch 0, Loss 0.11963515142522131
Epoch 0
Selections count 0
Selections(Epoch, batch)
[(0, 0), (0, 595), (0, 2), (0, 3), (0, 4), (0, 5), (0, 6), (0, 7), (0, 8), (0, 591), (0, 10), (0, 11), (0, 12), (0, 592), (0, 597), (0, 15), (0, 586), (0, 17), (0, 584), (0, 583), (0, 20), (0, 21), (0, 22), (0, 23), (0, 24), (0, 594), (0, 26), (0, 579), (0, 578), (0, 577), (0, 30), (0, 567), (0, 32), (0, 33), (0, 34), (0, 569), (0, 36), (0, 37), (0, 38), (0, 39), (0, 560), (0, 41), (0, 42), (0, 566), (0, 44), (0, 45), (0, 46), (0, 47), (0, 48), (0, 49), (0, 558), (0, 51), (0, 52), (0, 53), (0, 54), (0, 55), (0, 56), (0, 57), (0, 574), (0, 575), (0, 553), (0, 547), (0, 62), (0, 63), (0, 64), (0, 65), (0, 66), (0, 67), (0, 68), (0, 69), (0, 70), (0, 71), (0, 72), (0, 73), (0, 563), (0, 552), (0, 76), (0, 542), (0, 78), (0, 79), (0, 80), (0, 81), (0, 82), (0, 83), (0, 84), (0, 85), (0, 86), (0, 87), (0, 557), (0, 544), (0, 90), (0, 91), (0, 92), (0, 540), (0, 94), (0, 95), (0, 96), (0, 97), (0, 520), (0, 99), (0, 100), (0, 565), (0, 543), (0, 103), (0, 104), (0, 105), (0, 106), (0, 539), (0, 108), (0, 109), (0, 590), (0, 111), (0, 538), (0, 113), (0, 114), (0, 541), (0, 116), (0, 537), (0, 118), (0, 119), (0, 120), (0, 121), (0, 122), (0, 123), (0, 124), (0, 125), (0, 536), (0, 535), (0, 534), (0, 129), (0, 130), (0, 131), (0, 527), (0, 133), (0, 134), (0, 135), (0, 136), (0, 137), (0, 517), (0, 139), (0, 140), (0, 141), (0, 142), (0, 143), (0, 516), (0, 145), (0, 146), (0, 147), (0, 148), (0, 149), (0, 518), (0, 151), (0, 152), (0, 153), (0, 154), (0, 155), (0, 568), (0, 157), (0, 158), (0, 159), (0, 160), (0, 515), (0, 162), (0, 163), (0, 522), (0, 165), (0, 166), (0, 167), (0, 168), (0, 513), (0, 170), (0, 171), (0, 512), (0, 173), (0, 510), (0, 175), (0, 176), (0, 177), (0, 178), (0, 179), (0, 180), (0, 509), (0, 507), (0, 183), (0, 582), (0, 185), (0, 514), (0, 187), (0, 188), (0, 189), (0, 190), (0, 191), (0, 192), (0, 193), (0, 194), (0, 195), (0, 593), (0, 505), (0, 198), (0, 199), (0, 200), (0, 201), (0, 202), (0, 203), (0, 204), (0, 205), (0, 206), (0, 496), (0, 208), (0, 504), (0, 210), (0, 519), (0, 212), (0, 213), (0, 214), (0, 215), (0, 495), (0, 217), (0, 494), (0, 219), (0, 220), (0, 498), (0, 493), (0, 223), (0, 224), (0, 225), (0, 226), (0, 499), (0, 487), (0, 229), (0, 230), (0, 231), (0, 486), (0, 484), (0, 234), (0, 235), (0, 482), (0, 481), (0, 238), (0, 239), (0, 480), (0, 477), (0, 242), (0, 243), (0, 479), (0, 245), (0, 473), (0, 247), (0, 248), (0, 249), (0, 250), (0, 500), (0, 252), (0, 253), (0, 254), (0, 255), (0, 256), (0, 257), (0, 258), (0, 259), (0, 503), (0, 472), (0, 470), (0, 263), (0, 468), (0, 265), (0, 266), (0, 267), (0, 467), (0, 269), (0, 471), (0, 465), (0, 272), (0, 464), (0, 274), (0, 461), (0, 581), (0, 277), (0, 278), (0, 462), (0, 280), (0, 281), (0, 282), (0, 549), (0, 511), (0, 285), (0, 286), (0, 452), (0, 492), (0, 289), (0, 459), (0, 291), (0, 458), (0, 293), (0, 453), (0, 295), (0, 456), (0, 297), (0, 298), (0, 299), (0, 451), (0, 450), (0, 508), (0, 303), (0, 448), (0, 305), (0, 447), (0, 307), (0, 308), (0, 445), (0, 444), (0, 311), (0, 312), (0, 313), (0, 314), (0, 315), (0, 443), (0, 317), (0, 318), (0, 442), (0, 526), (0, 321), (0, 483), (0, 323), (0, 572), (0, 441), (0, 440), (0, 437), (0, 328), (0, 329), (0, 330), (0, 331), (0, 332), (0, 333), (0, 334), (0, 545), (0, 336), (0, 337), (0, 338), (0, 339), (0, 340), (0, 532), (0, 342), (0, 460), (0, 423), (0, 435), (0, 346), (0, 347), (0, 424), (0, 421), (0, 419), (0, 351), (0, 352), (0, 485), (0, 354), (0, 446), (0, 416), (0, 357), (0, 596), (0, 434), (0, 360), (0, 361), (0, 433), (0, 363), (0, 425), (0, 410), (0, 366), (0, 367), (0, 422), (0, 528), (0, 401), (0, 407), (0, 372), (0, 457), (0, 374), (0, 375), (0, 376), (0, 404), (0, 399), (0, 379), (0, 431), (0, 381), (0, 382), (0, 383), (0, 406), (0, 409), (0, 403), (0, 387), (0, 398), (0, 389), (0, 390), (0, 391), (0, 392), (0, 397), (0, 394), (0, 395)]
Residuals
[1.5876702496865494e-15]
0
[0, 595, 2, 3, 4, 5, 6, 7, 8, 591, 10, 11, 12, 592, 597, 15, 586, 17, 584, 583, 20, 21, 22, 23, 24, 594, 26, 579, 578, 577, 30, 567, 32, 33, 34, 569, 36, 37, 38, 39, 560, 41, 42, 566, 44, 45, 46, 47, 48, 49, 558, 51, 52, 53, 54, 55, 56, 57, 574, 575, 553, 547, 62, 63, 64, 65, 66, 67, 68, 69, 70, 71, 72, 73, 563, 552, 76, 542, 78, 79, 80, 81, 82, 83, 84, 85, 86, 87, 557, 544, 90, 91, 92, 540, 94, 95, 96, 97, 520, 99, 100, 565, 543, 103, 104, 105, 106, 539, 108, 109, 590, 111, 538, 113, 114, 541, 116, 537, 118, 119, 120, 121, 122, 123, 124, 125, 536, 535, 534, 129, 130, 131, 527, 133, 134, 135, 136, 137, 517, 139, 140, 141, 142, 143, 516, 145, 146, 147, 148, 149, 518, 151, 152, 153, 154, 155, 568, 157, 158, 159, 160, 515, 162, 163, 522, 165, 166, 167, 168, 513, 170, 171, 512, 173, 510, 175, 176, 177, 178, 179, 180, 509, 507, 183, 582, 185, 514, 187, 188, 189, 190, 191, 192, 193, 194, 195, 593, 505, 198, 199, 200, 201, 202, 203, 204, 205, 206, 496, 208, 504, 210, 519, 212, 213, 214, 215, 495, 217, 494, 219, 220, 498, 493, 223, 224, 225, 226, 499, 487, 229, 230, 231, 486, 484, 234, 235, 482, 481, 238, 239, 480, 477, 242, 243, 479, 245, 473, 247, 248, 249, 250, 500, 252, 253, 254, 255, 256, 257, 258, 259, 503, 472, 470, 263, 468, 265, 266, 267, 467, 269, 471, 465, 272, 464, 274, 461, 581, 277, 278, 462, 280, 281, 282, 549, 511, 285, 286, 452, 492, 289, 459, 291, 458, 293, 453, 295, 456, 297, 298, 299, 451, 450, 508, 303, 448, 305, 447, 307, 308, 445, 444, 311, 312, 313, 314, 315, 443, 317, 318, 442, 526, 321, 483, 323, 572, 441, 440, 437, 328, 329, 330, 331, 332, 333, 334, 545, 336, 337, 338, 339, 340, 532, 342, 460, 423, 435, 346, 347, 424, 421, 419, 351, 352, 485, 354, 446, 416, 357, 596, 434, 360, 361, 433, 363, 425, 410, 366, 367, 422, 528, 401, 407, 372, 457, 374, 375, 376, 404, 399, 379, 431, 381, 382, 383, 406, 409, 403, 387, 398, 389, 390, 391, 392, 397, 394, 395]
Epoch
1
Epoch time
5.311652421951294
Epoch 1, Loss 0.08920046568789985
Epoch
2
Epoch time
5.119784355163574
Epoch 2, Loss 0.0754886045330204
Epoch
3
Epoch time
5.098711967468262
Epoch 3, Loss 0.06617503827204928
Epoch
4
Epoch time
5.094682693481445
Epoch 4, Loss 0.05726762033378085
Epoch
5
Epoch time
5.16200065612793
Epoch 5, Loss 0.051663749563934595
Epoch
6
Epoch time
5.093835353851318
Epoch 6, Loss 0.04676214042876382
Epoch
7
Epoch time
5.07022762298584
Epoch 7, Loss 0.04542502550466452
Epoch
8
Epoch time
5.109176397323608
Epoch 8, Loss 0.03950780944243888
Epoch
9
Epoch time
5.081423759460449
Epoch 9, Loss 0.037499877969191096
Epoch
10
Epoch time
5.139745473861694
Epoch 10, Loss 0.03505000861691466
Epoch
11
Epoch time
5.104723691940308
Epoch 11, Loss 0.0316850339199785
Epoch
12
Epoch time
5.107513427734375
Epoch 12, Loss 0.030125086390374537
Epoch
13
Epoch time
5.1176652908325195
Epoch 13, Loss 0.02972814508328156
Epoch
14
Epoch time
5.089524984359741
Epoch 14, Loss 0.026467390812770948
Epoch
15
Epoch time
5.153502702713013
Epoch 15, Loss 0.02535707296464049
Epoch
16
Epoch time
5.087075471878052
Epoch 16, Loss 0.022536215934887877
Epoch
17
Epoch time
5.128973960876465
Epoch 17, Loss 0.02188093815590643
Epoch
18
Epoch time
5.0944859981536865
Epoch 18, Loss 0.023057545623742043
Epoch
19
Epoch time
5.0867602825164795
Epoch 19, Loss 0.021623931841847178
Epoch
20
Epoch time
534.1870539188385
Epoch 20, Loss 0.020195981383615922
Epoch 20
Selections count 396
Selections(Epoch, batch)
[(20, 0), (20, 595), (20, 640), (20, 3), (20, 4), (20, 5), (20, 6), (20, 7), (20, 8), (20, 627), (20, 10), (20, 654), (20, 625), (20, 592), (20, 597), (20, 15), (20, 586), (20, 639), (20, 653), (20, 583), (20, 20), (20, 641), (20, 22), (20, 23), (20, 24), (20, 594), (20, 26), (20, 579), (20, 578), (20, 577), (20, 30), (20, 567), (20, 32), (20, 33), (20, 34), (20, 569), (20, 36), (20, 37), (20, 38), (20, 636), (20, 560), (20, 41), (20, 42), (20, 635), (20, 619), (20, 45), (20, 634), (20, 47), (20, 633), (20, 620), (20, 558), (20, 659), (20, 52), (20, 53), (20, 54), (20, 55), (20, 56), (20, 57), (20, 574), (20, 575), (20, 553), (20, 547), (20, 62), (20, 63), (20, 64), (20, 65), (20, 383), (20, 67), (20, 68), (20, 69), (20, 70), (20, 626), (20, 72), (20, 73), (20, 617), (20, 552), (20, 76), (20, 542), (20, 78), (20, 79), (20, 80), (20, 81), (20, 82), (20, 83), (20, 84), (20, 85), (20, 86), (20, 87), (20, 557), (20, 544), (20, 90), (20, 91), (20, 92), (20, 540), (20, 614), (20, 95), (20, 96), (20, 97), (20, 520), (20, 99), (20, 613), (20, 565), (20, 429), (20, 103), (20, 104), (20, 105), (20, 106), (20, 539), (20, 612), (20, 109), (20, 590), (20, 111), (20, 538), (20, 113), (20, 114), (20, 541), (20, 116), (20, 451), (20, 118), (20, 119), (20, 120), (20, 121), (20, 122), (20, 123), (20, 124), (20, 125), (20, 536), (20, 535), (20, 534), (20, 428), (20, 621), (20, 131), (20, 533), (20, 133), (20, 134), (20, 135), (20, 136), (20, 137), (20, 517), (20, 139), (20, 140), (20, 141), (20, 142), (20, 143), (20, 516), (20, 145), (20, 146), (20, 147), (20, 148), (20, 149), (20, 518), (20, 151), (20, 152), (20, 153), (20, 154), (20, 155), (20, 568), (20, 157), (20, 158), (20, 601), (20, 160), (20, 515), (20, 162), (20, 163), (20, 421), (20, 165), (20, 166), (20, 167), (20, 652), (20, 513), (20, 170), (20, 171), (20, 512), (20, 413), (20, 510), (20, 514), (20, 176), (20, 177), (20, 178), (20, 179), (20, 180), (20, 509), (20, 507), (20, 183), (20, 599), (20, 185), (20, 427), (20, 187), (20, 564), (20, 189), (20, 190), (20, 191), (20, 192), (20, 193), (20, 194), (20, 195), (20, 593), (20, 505), (20, 416), (20, 415), (20, 638), (20, 201), (20, 202), (20, 203), (20, 204), (20, 205), (20, 394), (20, 496), (20, 208), (20, 651), (20, 210), (20, 519), (20, 212), (20, 213), (20, 214), (20, 215), (20, 495), (20, 217), (20, 494), (20, 219), (20, 220), (20, 498), (20, 493), (20, 223), (20, 224), (20, 225), (20, 226), (20, 645), (20, 487), (20, 229), (20, 230), (20, 231), (20, 408), (20, 484), (20, 378), (20, 235), (20, 482), (20, 481), (20, 238), (20, 239), (20, 480), (20, 477), (20, 242), (20, 377), (20, 632), (20, 656), (20, 473), (20, 247), (20, 248), (20, 249), (20, 250), (20, 500), (20, 658), (20, 362), (20, 631), (20, 255), (20, 256), (20, 257), (20, 258), (20, 348), (20, 503), (20, 472), (20, 470), (20, 263), (20, 343), (20, 265), (20, 266), (20, 267), (20, 467), (20, 269), (20, 471), (20, 647), (20, 272), (20, 464), (20, 274), (20, 461), (20, 581), (20, 277), (20, 278), (20, 462), (20, 280), (20, 281), (20, 282), (20, 388), (20, 511), (20, 285), (20, 286), (20, 452), (20, 492), (20, 289), (20, 642), (20, 607), (20, 458), (20, 293), (20, 489), (20, 336), (20, 456), (20, 288), (20, 628), (20, 299), (20, 174), (20, 276), (20, 508), (20, 624), (20, 448), (20, 305), (20, 447), (20, 307), (20, 308), (20, 445), (20, 370), (20, 311), (20, 312), (20, 313), (20, 314), (20, 315), (20, 443), (20, 317), (20, 318), (20, 442), (20, 526), (20, 321), (20, 483), (20, 110), (20, 150), (20, 441), (20, 440), (20, 437), (20, 328), (20, 329), (20, 172), (20, 523), (20, 332), (20, 333), (20, 334), (20, 545), (20, 330), (20, 337), (20, 338), (20, 339), (20, 606), (20, 532), (20, 342), (20, 460), (20, 423), (20, 435), (20, 346), (20, 164), (20, 424), (20, 373), (20, 419), (20, 351), (20, 352), (20, 485), (20, 354), (20, 446), (20, 13), (20, 357), (20, 596), (20, 434), (20, 360), (20, 361), (20, 35), (20, 156), (20, 588), (20, 410), (20, 366), (20, 367), (20, 422), (20, 528), (20, 401), (20, 407), (20, 372), (20, 457), (20, 374), (20, 375), (20, 376), (20, 404), (20, 399), (20, 379), (20, 549), (20, 381), (20, 322), (20, 463), (20, 406), (20, 412), (20, 403), (20, 387), (20, 398), (20, 389), (20, 603), (20, 391), (20, 392), (20, 657), (20, 604), (20, 395)]
Residuals
[1.5876702496865494e-15, 7.5374147198818e-16]
20
[0, 595, 640, 3, 4, 5, 6, 7, 8, 627, 10, 654, 625, 592, 597, 15, 586, 639, 653, 583, 20, 641, 22, 23, 24, 594, 26, 579, 578, 577, 30, 567, 32, 33, 34, 569, 36, 37, 38, 636, 560, 41, 42, 635, 619, 45, 634, 47, 633, 620, 558, 659, 52, 53, 54, 55, 56, 57, 574, 575, 553, 547, 62, 63, 64, 65, 383, 67, 68, 69, 70, 626, 72, 73, 617, 552, 76, 542, 78, 79, 80, 81, 82, 83, 84, 85, 86, 87, 557, 544, 90, 91, 92, 540, 614, 95, 96, 97, 520, 99, 613, 565, 429, 103, 104, 105, 106, 539, 612, 109, 590, 111, 538, 113, 114, 541, 116, 451, 118, 119, 120, 121, 122, 123, 124, 125, 536, 535, 534, 428, 621, 131, 533, 133, 134, 135, 136, 137, 517, 139, 140, 141, 142, 143, 516, 145, 146, 147, 148, 149, 518, 151, 152, 153, 154, 155, 568, 157, 158, 601, 160, 515, 162, 163, 421, 165, 166, 167, 652, 513, 170, 171, 512, 413, 510, 514, 176, 177, 178, 179, 180, 509, 507, 183, 599, 185, 427, 187, 564, 189, 190, 191, 192, 193, 194, 195, 593, 505, 416, 415, 638, 201, 202, 203, 204, 205, 394, 496, 208, 651, 210, 519, 212, 213, 214, 215, 495, 217, 494, 219, 220, 498, 493, 223, 224, 225, 226, 645, 487, 229, 230, 231, 408, 484, 378, 235, 482, 481, 238, 239, 480, 477, 242, 377, 632, 656, 473, 247, 248, 249, 250, 500, 658, 362, 631, 255, 256, 257, 258, 348, 503, 472, 470, 263, 343, 265, 266, 267, 467, 269, 471, 647, 272, 464, 274, 461, 581, 277, 278, 462, 280, 281, 282, 388, 511, 285, 286, 452, 492, 289, 642, 607, 458, 293, 489, 336, 456, 288, 628, 299, 174, 276, 508, 624, 448, 305, 447, 307, 308, 445, 370, 311, 312, 313, 314, 315, 443, 317, 318, 442, 526, 321, 483, 110, 150, 441, 440, 437, 328, 329, 172, 523, 332, 333, 334, 545, 330, 337, 338, 339, 606, 532, 342, 460, 423, 435, 346, 164, 424, 373, 419, 351, 352, 485, 354, 446, 13, 357, 596, 434, 360, 361, 35, 156, 588, 410, 366, 367, 422, 528, 401, 407, 372, 457, 374, 375, 376, 404, 399, 379, 549, 381, 322, 463, 406, 412, 403, 387, 398, 389, 603, 391, 392, 657, 604, 395]
Epoch
21
Epoch time
5.225302219390869
Epoch 21, Loss 0.018579597684062418
Epoch
22
Epoch time
5.161951065063477
Epoch 22, Loss 0.01925457392913813
Epoch
23
Epoch time
5.406381845474243
Epoch 23, Loss 0.01768112663854481
Epoch
24
Epoch time
5.500246524810791
Epoch 24, Loss 0.01655516646759679
Epoch
25
Epoch time
5.171572208404541
Epoch 25, Loss 0.01717641662500076
Epoch
26
Epoch time
5.081192493438721
Epoch 26, Loss 0.016373755682084264
Epoch
27
Epoch time
5.080520391464233
Epoch 27, Loss 0.016821688920178227
Epoch
28
Epoch time
5.108098268508911
Epoch 28, Loss 0.016352971614972678
Epoch
29
Epoch time
5.109623432159424
Epoch 29, Loss 0.014544844393270372
Epoch
30
Epoch time
5.356554269790649
Epoch 30, Loss 0.01424806505992213
Epoch
31
Epoch time
5.162353277206421
Epoch 31, Loss 0.014276026939814983
Epoch
32
Epoch time
5.349252700805664
Epoch 32, Loss 0.013674799944501501
Epoch
33
Epoch time
5.091702699661255
Epoch 33, Loss 0.01431051059514933
Epoch
34
Epoch time
5.3394880294799805
Epoch 34, Loss 0.014400120740850373
Epoch
35
Epoch time
5.152713060379028
Epoch 35, Loss 0.012336827179487954
Epoch
36
Epoch time
5.073823690414429
Epoch 36, Loss 0.012592560069487415
Epoch
37
Epoch time
5.080223798751831
Epoch 37, Loss 0.012527823300470118
Epoch
38
Epoch time
5.307431221008301
Epoch 38, Loss 0.011807888133809381
Epoch
39
Epoch time
5.098691940307617
Epoch 39, Loss 0.01146373228729317
Epoch
40
Epoch time
534.4150838851929
Epoch 40, Loss 0.012618089287889234
Epoch 40
Selections count 396
Selections(Epoch, batch)
[(40, 0), (40, 595), (40, 640), (40, 3), (40, 4), (40, 5), (40, 6), (40, 7), (40, 8), (40, 627), (40, 10), (40, 654), (40, 625), (40, 592), (40, 597), (40, 15), (40, 586), (40, 639), (40, 653), (40, 583), (40, 20), (40, 537), (40, 22), (40, 23), (40, 24), (40, 594), (40, 26), (40, 579), (40, 578), (40, 577), (40, 30), (40, 567), (40, 32), (40, 604), (40, 34), (40, 569), (40, 36), (40, 37), (40, 522), (40, 636), (40, 560), (40, 41), (40, 42), (40, 635), (40, 619), (40, 45), (40, 634), (40, 47), (40, 633), (40, 620), (40, 558), (40, 466), (40, 52), (40, 53), (40, 54), (40, 55), (40, 56), (40, 57), (40, 574), (40, 575), (40, 553), (40, 547), (40, 62), (40, 63), (40, 64), (40, 533), (40, 383), (40, 67), (40, 68), (40, 608), (40, 70), (40, 626), (40, 72), (40, 73), (40, 617), (40, 552), (40, 76), (40, 622), (40, 78), (40, 79), (40, 80), (40, 81), (40, 82), (40, 83), (40, 84), (40, 85), (40, 86), (40, 87), (40, 557), (40, 544), (40, 90), (40, 91), (40, 450), (40, 540), (40, 614), (40, 95), (40, 96), (40, 97), (40, 520), (40, 99), (40, 613), (40, 565), (40, 514), (40, 103), (40, 501), (40, 105), (40, 106), (40, 539), (40, 612), (40, 423), (40, 590), (40, 111), (40, 538), (40, 113), (40, 114), (40, 541), (40, 116), (40, 451), (40, 118), (40, 119), (40, 120), (40, 121), (40, 122), (40, 123), (40, 124), (40, 125), (40, 536), (40, 535), (40, 444), (40, 428), (40, 621), (40, 131), (40, 254), (40, 133), (40, 134), (40, 135), (40, 136), (40, 137), (40, 517), (40, 139), (40, 140), (40, 409), (40, 142), (40, 143), (40, 516), (40, 145), (40, 146), (40, 147), (40, 148), (40, 149), (40, 607), (40, 151), (40, 152), (40, 153), (40, 468), (40, 155), (40, 568), (40, 615), (40, 158), (40, 601), (40, 160), (40, 515), (40, 162), (40, 163), (40, 421), (40, 165), (40, 166), (40, 641), (40, 652), (40, 513), (40, 170), (40, 171), (40, 512), (40, 413), (40, 244), (40, 335), (40, 337), (40, 177), (40, 178), (40, 179), (40, 180), (40, 509), (40, 507), (40, 183), (40, 599), (40, 185), (40, 427), (40, 187), (40, 564), (40, 189), (40, 190), (40, 191), (40, 192), (40, 193), (40, 194), (40, 195), (40, 593), (40, 505), (40, 407), (40, 415), (40, 638), (40, 331), (40, 202), (40, 203), (40, 204), (40, 205), (40, 394), (40, 496), (40, 271), (40, 651), (40, 210), (40, 519), (40, 212), (40, 213), (40, 214), (40, 215), (40, 495), (40, 217), (40, 494), (40, 219), (40, 220), (40, 498), (40, 493), (40, 223), (40, 224), (40, 225), (40, 591), (40, 645), (40, 487), (40, 229), (40, 230), (40, 231), (40, 408), (40, 484), (40, 378), (40, 235), (40, 426), (40, 481), (40, 238), (40, 239), (40, 480), (40, 477), (40, 242), (40, 377), (40, 632), (40, 656), (40, 253), (40, 247), (40, 248), (40, 249), (40, 250), (40, 500), (40, 658), (40, 168), (40, 631), (40, 255), (40, 256), (40, 257), (40, 258), (40, 348), (40, 503), (40, 472), (40, 470), (40, 263), (40, 343), (40, 265), (40, 266), (40, 267), (40, 467), (40, 269), (40, 471), (40, 647), (40, 272), (40, 464), (40, 274), (40, 461), (40, 581), (40, 277), (40, 278), (40, 462), (40, 280), (40, 281), (40, 282), (40, 388), (40, 59), (40, 285), (40, 286), (40, 452), (40, 492), (40, 297), (40, 642), (40, 175), (40, 458), (40, 293), (40, 489), (40, 336), (40, 456), (40, 288), (40, 628), (40, 473), (40, 174), (40, 390), (40, 508), (40, 624), (40, 448), (40, 305), (40, 447), (40, 307), (40, 441), (40, 445), (40, 188), (40, 311), (40, 312), (40, 313), (40, 499), (40, 315), (40, 443), (40, 317), (40, 318), (40, 442), (40, 526), (40, 321), (40, 483), (40, 476), (40, 150), (40, 397), (40, 440), (40, 437), (40, 328), (40, 329), (40, 659), (40, 523), (40, 332), (40, 333), (40, 334), (40, 545), (40, 330), (40, 323), (40, 338), (40, 339), (40, 644), (40, 532), (40, 342), (40, 460), (40, 371), (40, 435), (40, 346), (40, 164), (40, 424), (40, 373), (40, 419), (40, 351), (40, 352), (40, 2), (40, 354), (40, 446), (40, 11), (40, 357), (40, 596), (40, 434), (40, 360), (40, 361), (40, 623), (40, 156), (40, 588), (40, 410), (40, 366), (40, 367), (40, 648), (40, 528), (40, 401), (40, 275), (40, 372), (40, 457), (40, 374), (40, 375), (40, 376), (40, 404), (40, 611), (40, 379), (40, 549), (40, 381), (40, 322), (40, 463), (40, 406), (40, 412), (40, 403), (40, 387), (40, 398), (40, 389), (40, 603), (40, 391), (40, 392), (40, 657), (40, 74), (40, 395)]
Residuals
[1.5876702496865494e-15, 7.5374147198818e-16, 8.607550235404699e-16]
40
[0, 595, 640, 3, 4, 5, 6, 7, 8, 627, 10, 654, 625, 592, 597, 15, 586, 639, 653, 583, 20, 537, 22, 23, 24, 594, 26, 579, 578, 577, 30, 567, 32, 604, 34, 569, 36, 37, 522, 636, 560, 41, 42, 635, 619, 45, 634, 47, 633, 620, 558, 466, 52, 53, 54, 55, 56, 57, 574, 575, 553, 547, 62, 63, 64, 533, 383, 67, 68, 608, 70, 626, 72, 73, 617, 552, 76, 622, 78, 79, 80, 81, 82, 83, 84, 85, 86, 87, 557, 544, 90, 91, 450, 540, 614, 95, 96, 97, 520, 99, 613, 565, 514, 103, 501, 105, 106, 539, 612, 423, 590, 111, 538, 113, 114, 541, 116, 451, 118, 119, 120, 121, 122, 123, 124, 125, 536, 535, 444, 428, 621, 131, 254, 133, 134, 135, 136, 137, 517, 139, 140, 409, 142, 143, 516, 145, 146, 147, 148, 149, 607, 151, 152, 153, 468, 155, 568, 615, 158, 601, 160, 515, 162, 163, 421, 165, 166, 641, 652, 513, 170, 171, 512, 413, 244, 335, 337, 177, 178, 179, 180, 509, 507, 183, 599, 185, 427, 187, 564, 189, 190, 191, 192, 193, 194, 195, 593, 505, 407, 415, 638, 331, 202, 203, 204, 205, 394, 496, 271, 651, 210, 519, 212, 213, 214, 215, 495, 217, 494, 219, 220, 498, 493, 223, 224, 225, 591, 645, 487, 229, 230, 231, 408, 484, 378, 235, 426, 481, 238, 239, 480, 477, 242, 377, 632, 656, 253, 247, 248, 249, 250, 500, 658, 168, 631, 255, 256, 257, 258, 348, 503, 472, 470, 263, 343, 265, 266, 267, 467, 269, 471, 647, 272, 464, 274, 461, 581, 277, 278, 462, 280, 281, 282, 388, 59, 285, 286, 452, 492, 297, 642, 175, 458, 293, 489, 336, 456, 288, 628, 473, 174, 390, 508, 624, 448, 305, 447, 307, 441, 445, 188, 311, 312, 313, 499, 315, 443, 317, 318, 442, 526, 321, 483, 476, 150, 397, 440, 437, 328, 329, 659, 523, 332, 333, 334, 545, 330, 323, 338, 339, 644, 532, 342, 460, 371, 435, 346, 164, 424, 373, 419, 351, 352, 2, 354, 446, 11, 357, 596, 434, 360, 361, 623, 156, 588, 410, 366, 367, 648, 528, 401, 275, 372, 457, 374, 375, 376, 404, 611, 379, 549, 381, 322, 463, 406, 412, 403, 387, 398, 389, 603, 391, 392, 657, 74, 395]
Epoch
41
Epoch time
5.08961296081543
Epoch 41, Loss 0.01094950400132196
Epoch
42
Epoch time
5.031351804733276
Epoch 42, Loss 0.010309593307126002
Epoch
43
Epoch time
5.020019054412842
Epoch 43, Loss 0.00924115280007451
Epoch
44
Epoch time
5.023807525634766
Epoch 44, Loss 0.011285454043845676
Epoch
45
Epoch time
5.075073719024658
Epoch 45, Loss 0.009729614916990008
Epoch
46
Epoch time
5.010786056518555
Epoch 46, Loss 0.009565238061744216
Epoch
47
Epoch time
5.00419807434082
Epoch 47, Loss 0.009050841158784805
Epoch
48
Epoch time
5.007141590118408
Epoch 48, Loss 0.009465409239260225
Epoch
49
Epoch time
5.02327036857605
Epoch 49, Loss 0.011629112540789114
Epoch
50
Epoch time
5.109898328781128
Epoch 50, Loss 0.01042973213742395
Epoch
51
Epoch time
5.007639646530151
Epoch 51, Loss 0.009634348510778636
Epoch
52
Epoch time
5.027708292007446
Epoch 52, Loss 0.008745562069143488
Epoch
53
Epoch time
5.047099351882935
Epoch 53, Loss 0.00897311630601204
Epoch
54
Epoch time
5.0207483768463135
Epoch 54, Loss 0.008132761507781272
Epoch
55
Epoch time
5.074049711227417
Epoch 55, Loss 0.008360974354302471
Epoch
56
Epoch time
5.031383752822876
Epoch 56, Loss 0.008338260689052959
Epoch
57
Epoch time
5.014524698257446
Epoch 57, Loss 0.010044784452387224
Epoch
58
Epoch time
5.003941535949707
Epoch 58, Loss 0.006417572789681572
Epoch
59
Epoch time
5.007436275482178
Epoch 59, Loss 0.006815870100505587
Epoch
60
Epoch time
534.4361455440521
Epoch 60, Loss 0.009928608397424342
Epoch 60
Selections count 396
Selections(Epoch, batch)
[(60, 0), (60, 595), (60, 640), (60, 3), (60, 4), (60, 5), (60, 6), (60, 7), (60, 8), (60, 627), (60, 10), (60, 654), (60, 625), (60, 175), (60, 597), (60, 15), (60, 586), (60, 639), (60, 206), (60, 583), (60, 20), (60, 537), (60, 22), (60, 23), (60, 24), (60, 594), (60, 26), (60, 579), (60, 578), (60, 577), (60, 30), (60, 567), (60, 32), (60, 604), (60, 34), (60, 569), (60, 36), (60, 37), (60, 522), (60, 636), (60, 560), (60, 41), (60, 42), (60, 635), (60, 619), (60, 45), (60, 634), (60, 47), (60, 633), (60, 620), (60, 558), (60, 466), (60, 52), (60, 53), (60, 54), (60, 55), (60, 56), (60, 57), (60, 574), (60, 575), (60, 553), (60, 547), (60, 62), (60, 63), (60, 513), (60, 533), (60, 383), (60, 67), (60, 68), (60, 608), (60, 70), (60, 626), (60, 72), (60, 73), (60, 617), (60, 552), (60, 76), (60, 622), (60, 78), (60, 127), (60, 80), (60, 81), (60, 82), (60, 83), (60, 84), (60, 85), (60, 86), (60, 87), (60, 557), (60, 544), (60, 90), (60, 91), (60, 450), (60, 540), (60, 614), (60, 95), (60, 96), (60, 97), (60, 520), (60, 99), (60, 613), (60, 565), (60, 646), (60, 103), (60, 157), (60, 105), (60, 106), (60, 539), (60, 612), (60, 423), (60, 590), (60, 111), (60, 538), (60, 113), (60, 114), (60, 541), (60, 116), (60, 451), (60, 118), (60, 119), (60, 120), (60, 521), (60, 122), (60, 123), (60, 124), (60, 125), (60, 536), (60, 112), (60, 444), (60, 428), (60, 621), (60, 131), (60, 254), (60, 133), (60, 134), (60, 135), (60, 136), (60, 137), (60, 517), (60, 139), (60, 140), (60, 624), (60, 142), (60, 143), (60, 516), (60, 145), (60, 146), (60, 147), (60, 148), (60, 149), (60, 259), (60, 151), (60, 159), (60, 153), (60, 344), (60, 155), (60, 568), (60, 618), (60, 158), (60, 601), (60, 160), (60, 515), (60, 162), (60, 163), (60, 421), (60, 165), (60, 166), (60, 641), (60, 652), (60, 518), (60, 170), (60, 171), (60, 512), (60, 413), (60, 244), (60, 335), (60, 337), (60, 177), (60, 178), (60, 179), (60, 180), (60, 509), (60, 507), (60, 183), (60, 599), (60, 446), (60, 427), (60, 187), (60, 172), (60, 189), (60, 190), (60, 191), (60, 192), (60, 193), (60, 194), (60, 195), (60, 593), (60, 505), (60, 511), (60, 415), (60, 638), (60, 644), (60, 202), (60, 203), (60, 204), (60, 205), (60, 394), (60, 496), (60, 271), (60, 651), (60, 210), (60, 519), (60, 212), (60, 213), (60, 214), (60, 399), (60, 495), (60, 217), (60, 494), (60, 219), (60, 220), (60, 498), (60, 493), (60, 223), (60, 224), (60, 225), (60, 154), (60, 645), (60, 487), (60, 362), (60, 230), (60, 231), (60, 408), (60, 650), (60, 378), (60, 235), (60, 510), (60, 481), (60, 238), (60, 239), (60, 480), (60, 477), (60, 242), (60, 377), (60, 632), (60, 656), (60, 564), (60, 247), (60, 248), (60, 249), (60, 250), (60, 141), (60, 658), (60, 606), (60, 631), (60, 77), (60, 256), (60, 504), (60, 258), (60, 348), (60, 503), (60, 472), (60, 470), (60, 659), (60, 343), (60, 265), (60, 266), (60, 267), (60, 467), (60, 269), (60, 471), (60, 647), (60, 272), (60, 314), (60, 630), (60, 461), (60, 581), (60, 277), (60, 278), (60, 462), (60, 280), (60, 281), (60, 282), (60, 388), (60, 59), (60, 285), (60, 286), (60, 452), (60, 492), (60, 303), (60, 642), (60, 66), (60, 458), (60, 293), (60, 226), (60, 336), (60, 456), (60, 361), (60, 628), (60, 473), (60, 174), (60, 655), (60, 508), (60, 58), (60, 448), (60, 305), (60, 491), (60, 307), (60, 92), (60, 445), (60, 229), (60, 311), (60, 312), (60, 313), (60, 499), (60, 315), (60, 443), (60, 317), (60, 318), (60, 442), (60, 526), (60, 321), (60, 483), (60, 1), (60, 150), (60, 397), (60, 440), (60, 437), (60, 328), (60, 329), (60, 420), (60, 523), (60, 332), (60, 333), (60, 334), (60, 545), (60, 566), (60, 341), (60, 338), (60, 339), (60, 370), (60, 532), (60, 342), (60, 460), (60, 299), (60, 435), (60, 346), (60, 164), (60, 424), (60, 35), (60, 419), (60, 351), (60, 352), (60, 2), (60, 354), (60, 340), (60, 11), (60, 357), (60, 596), (60, 434), (60, 360), (60, 390), (60, 623), (60, 156), (60, 31), (60, 410), (60, 366), (60, 367), (60, 648), (60, 528), (60, 475), (60, 275), (60, 372), (60, 457), (60, 374), (60, 375), (60, 376), (60, 404), (60, 19), (60, 379), (60, 549), (60, 381), (60, 322), (60, 463), (60, 406), (60, 412), (60, 403), (60, 387), (60, 398), (60, 389), (60, 603), (60, 391), (60, 392), (60, 657), (60, 104), (60, 395)]
Residuals
[1.5876702496865494e-15, 7.5374147198818e-16, 8.607550235404699e-16, 1.0157445829362166e-15]
60
[0, 595, 640, 3, 4, 5, 6, 7, 8, 627, 10, 654, 625, 175, 597, 15, 586, 639, 206, 583, 20, 537, 22, 23, 24, 594, 26, 579, 578, 577, 30, 567, 32, 604, 34, 569, 36, 37, 522, 636, 560, 41, 42, 635, 619, 45, 634, 47, 633, 620, 558, 466, 52, 53, 54, 55, 56, 57, 574, 575, 553, 547, 62, 63, 513, 533, 383, 67, 68, 608, 70, 626, 72, 73, 617, 552, 76, 622, 78, 127, 80, 81, 82, 83, 84, 85, 86, 87, 557, 544, 90, 91, 450, 540, 614, 95, 96, 97, 520, 99, 613, 565, 646, 103, 157, 105, 106, 539, 612, 423, 590, 111, 538, 113, 114, 541, 116, 451, 118, 119, 120, 521, 122, 123, 124, 125, 536, 112, 444, 428, 621, 131, 254, 133, 134, 135, 136, 137, 517, 139, 140, 624, 142, 143, 516, 145, 146, 147, 148, 149, 259, 151, 159, 153, 344, 155, 568, 618, 158, 601, 160, 515, 162, 163, 421, 165, 166, 641, 652, 518, 170, 171, 512, 413, 244, 335, 337, 177, 178, 179, 180, 509, 507, 183, 599, 446, 427, 187, 172, 189, 190, 191, 192, 193, 194, 195, 593, 505, 511, 415, 638, 644, 202, 203, 204, 205, 394, 496, 271, 651, 210, 519, 212, 213, 214, 399, 495, 217, 494, 219, 220, 498, 493, 223, 224, 225, 154, 645, 487, 362, 230, 231, 408, 650, 378, 235, 510, 481, 238, 239, 480, 477, 242, 377, 632, 656, 564, 247, 248, 249, 250, 141, 658, 606, 631, 77, 256, 504, 258, 348, 503, 472, 470, 659, 343, 265, 266, 267, 467, 269, 471, 647, 272, 314, 630, 461, 581, 277, 278, 462, 280, 281, 282, 388, 59, 285, 286, 452, 492, 303, 642, 66, 458, 293, 226, 336, 456, 361, 628, 473, 174, 655, 508, 58, 448, 305, 491, 307, 92, 445, 229, 311, 312, 313, 499, 315, 443, 317, 318, 442, 526, 321, 483, 1, 150, 397, 440, 437, 328, 329, 420, 523, 332, 333, 334, 545, 566, 341, 338, 339, 370, 532, 342, 460, 299, 435, 346, 164, 424, 35, 419, 351, 352, 2, 354, 340, 11, 357, 596, 434, 360, 390, 623, 156, 31, 410, 366, 367, 648, 528, 475, 275, 372, 457, 374, 375, 376, 404, 19, 379, 549, 381, 322, 463, 406, 412, 403, 387, 398, 389, 603, 391, 392, 657, 104, 395]
Epoch
61
Epoch time
5.114668846130371
Epoch 61, Loss 0.007799792435826021
Epoch
62
Epoch time
5.025655031204224
Epoch 62, Loss 0.008106288600362176
Epoch
63
Epoch time
5.662906646728516
Epoch 63, Loss 0.008744710787346956
Epoch
64
Epoch time
5.034370183944702
Epoch 64, Loss 0.007899164931888738
Epoch
65
Epoch time
5.08525538444519
Epoch 65, Loss 0.007472069170242624
Epoch
66
Epoch time
5.021929740905762
Epoch 66, Loss 0.008426479665979513
Epoch
67
Epoch time
5.0250608921051025
Epoch 67, Loss 0.007057863084464297
Epoch
68
Epoch time
5.0190112590789795
Epoch 68, Loss 0.006668084586635814
Epoch
69
Epoch time
5.061832427978516
Epoch 69, Loss 0.006843083307726375
Epoch
70
Epoch time
5.117075204849243
Epoch 70, Loss 0.007881170229747643
Epoch
71
Epoch time
5.020809888839722
Epoch 71, Loss 0.006782184931599697
Epoch
72
Epoch time
5.028369665145874
Epoch 72, Loss 0.007785207684659478
Epoch
73
Epoch time
5.046497583389282
Epoch 73, Loss 0.006638530306383927
Epoch
74
Epoch time
5.037334680557251
Epoch 74, Loss 0.005700620477819787
Epoch
75
Epoch time
5.310527563095093
Epoch 75, Loss 0.006123899975324842
Epoch
76
Epoch time
5.0260374546051025
Epoch 76, Loss 0.007625110548638266
Epoch
77
Epoch time
5.036586046218872
Epoch 77, Loss 0.006260721537705554
Epoch
78
Epoch time
5.236037492752075
Epoch 78, Loss 0.006640716130880265
Epoch
79
Epoch time
5.034580230712891
Epoch 79, Loss 0.007095320518907708
Epoch
80
Epoch time
536.7291600704193
Epoch 80, Loss 0.006022000954519626
Epoch 80
Selections count 396
Selections(Epoch, batch)
[(80, 0), (80, 595), (80, 640), (80, 3), (80, 4), (80, 5), (80, 6), (80, 7), (80, 8), (80, 627), (80, 10), (80, 654), (80, 625), (80, 175), (80, 597), (80, 15), (80, 586), (80, 639), (80, 206), (80, 583), (80, 20), (80, 537), (80, 22), (80, 23), (80, 24), (80, 594), (80, 26), (80, 579), (80, 578), (80, 577), (80, 30), (80, 567), (80, 32), (80, 604), (80, 34), (80, 569), (80, 36), (80, 37), (80, 522), (80, 636), (80, 560), (80, 41), (80, 42), (80, 635), (80, 619), (80, 45), (80, 634), (80, 47), (80, 633), (80, 620), (80, 558), (80, 466), (80, 52), (80, 53), (80, 54), (80, 55), (80, 56), (80, 57), (80, 574), (80, 575), (80, 553), (80, 547), (80, 62), (80, 63), (80, 513), (80, 533), (80, 383), (80, 67), (80, 68), (80, 608), (80, 70), (80, 626), (80, 72), (80, 73), (80, 617), (80, 552), (80, 76), (80, 622), (80, 78), (80, 127), (80, 80), (80, 81), (80, 82), (80, 83), (80, 84), (80, 85), (80, 86), (80, 87), (80, 557), (80, 544), (80, 90), (80, 91), (80, 450), (80, 540), (80, 614), (80, 95), (80, 96), (80, 97), (80, 520), (80, 99), (80, 613), (80, 565), (80, 646), (80, 103), (80, 157), (80, 105), (80, 106), (80, 539), (80, 612), (80, 423), (80, 590), (80, 111), (80, 538), (80, 113), (80, 114), (80, 541), (80, 116), (80, 451), (80, 118), (80, 119), (80, 120), (80, 521), (80, 122), (80, 123), (80, 124), (80, 125), (80, 536), (80, 112), (80, 444), (80, 428), (80, 621), (80, 131), (80, 254), (80, 543), (80, 134), (80, 135), (80, 136), (80, 137), (80, 517), (80, 139), (80, 140), (80, 624), (80, 430), (80, 143), (80, 516), (80, 145), (80, 146), (80, 147), (80, 148), (80, 149), (80, 259), (80, 151), (80, 159), (80, 153), (80, 344), (80, 155), (80, 568), (80, 618), (80, 476), (80, 637), (80, 160), (80, 515), (80, 162), (80, 163), (80, 421), (80, 165), (80, 166), (80, 641), (80, 652), (80, 518), (80, 170), (80, 171), (80, 512), (80, 413), (80, 244), (80, 335), (80, 337), (80, 177), (80, 178), (80, 179), (80, 572), (80, 509), (80, 507), (80, 183), (80, 599), (80, 446), (80, 427), (80, 187), (80, 172), (80, 189), (80, 190), (80, 191), (80, 192), (80, 193), (80, 194), (80, 195), (80, 593), (80, 505), (80, 511), (80, 415), (80, 638), (80, 644), (80, 202), (80, 203), (80, 204), (80, 205), (80, 394), (80, 496), (80, 271), (80, 651), (80, 210), (80, 519), (80, 212), (80, 213), (80, 214), (80, 399), (80, 495), (80, 217), (80, 494), (80, 219), (80, 220), (80, 498), (80, 493), (80, 223), (80, 224), (80, 225), (80, 615), (80, 645), (80, 487), (80, 362), (80, 230), (80, 231), (80, 408), (80, 426), (80, 378), (80, 235), (80, 510), (80, 481), (80, 238), (80, 239), (80, 480), (80, 477), (80, 242), (80, 377), (80, 632), (80, 656), (80, 475), (80, 440), (80, 248), (80, 249), (80, 250), (80, 141), (80, 658), (80, 606), (80, 631), (80, 77), (80, 256), (80, 261), (80, 258), (80, 348), (80, 503), (80, 472), (80, 470), (80, 253), (80, 343), (80, 265), (80, 266), (80, 267), (80, 467), (80, 269), (80, 471), (80, 647), (80, 272), (80, 314), (80, 630), (80, 461), (80, 581), (80, 277), (80, 278), (80, 462), (80, 280), (80, 281), (80, 282), (80, 306), (80, 59), (80, 285), (80, 286), (80, 452), (80, 492), (80, 551), (80, 642), (80, 340), (80, 458), (80, 293), (80, 226), (80, 336), (80, 456), (80, 361), (80, 628), (80, 473), (80, 174), (80, 529), (80, 508), (80, 58), (80, 448), (80, 305), (80, 491), (80, 307), (80, 92), (80, 445), (80, 229), (80, 311), (80, 312), (80, 313), (80, 499), (80, 315), (80, 443), (80, 317), (80, 318), (80, 442), (80, 526), (80, 321), (80, 483), (80, 1), (80, 150), (80, 397), (80, 233), (80, 437), (80, 328), (80, 329), (80, 420), (80, 523), (80, 332), (80, 333), (80, 334), (80, 545), (80, 401), (80, 341), (80, 338), (80, 339), (80, 370), (80, 532), (80, 342), (80, 659), (80, 299), (80, 435), (80, 346), (80, 164), (80, 424), (80, 35), (80, 419), (80, 351), (80, 352), (80, 2), (80, 354), (80, 168), (80, 11), (80, 357), (80, 596), (80, 434), (80, 360), (80, 592), (80, 623), (80, 156), (80, 31), (80, 410), (80, 366), (80, 367), (80, 648), (80, 107), (80, 185), (80, 275), (80, 372), (80, 457), (80, 374), (80, 375), (80, 376), (80, 404), (80, 19), (80, 379), (80, 549), (80, 381), (80, 322), (80, 463), (80, 406), (80, 655), (80, 403), (80, 387), (80, 398), (80, 389), (80, 603), (80, 391), (80, 392), (80, 657), (80, 371), (80, 395)]
Residuals
[1.5876702496865494e-15, 7.5374147198818e-16, 8.607550235404699e-16, 1.0157445829362166e-15, 9.370269335659194e-16]
80
[0, 595, 640, 3, 4, 5, 6, 7, 8, 627, 10, 654, 625, 175, 597, 15, 586, 639, 206, 583, 20, 537, 22, 23, 24, 594, 26, 579, 578, 577, 30, 567, 32, 604, 34, 569, 36, 37, 522, 636, 560, 41, 42, 635, 619, 45, 634, 47, 633, 620, 558, 466, 52, 53, 54, 55, 56, 57, 574, 575, 553, 547, 62, 63, 513, 533, 383, 67, 68, 608, 70, 626, 72, 73, 617, 552, 76, 622, 78, 127, 80, 81, 82, 83, 84, 85, 86, 87, 557, 544, 90, 91, 450, 540, 614, 95, 96, 97, 520, 99, 613, 565, 646, 103, 157, 105, 106, 539, 612, 423, 590, 111, 538, 113, 114, 541, 116, 451, 118, 119, 120, 521, 122, 123, 124, 125, 536, 112, 444, 428, 621, 131, 254, 543, 134, 135, 136, 137, 517, 139, 140, 624, 430, 143, 516, 145, 146, 147, 148, 149, 259, 151, 159, 153, 344, 155, 568, 618, 476, 637, 160, 515, 162, 163, 421, 165, 166, 641, 652, 518, 170, 171, 512, 413, 244, 335, 337, 177, 178, 179, 572, 509, 507, 183, 599, 446, 427, 187, 172, 189, 190, 191, 192, 193, 194, 195, 593, 505, 511, 415, 638, 644, 202, 203, 204, 205, 394, 496, 271, 651, 210, 519, 212, 213, 214, 399, 495, 217, 494, 219, 220, 498, 493, 223, 224, 225, 615, 645, 487, 362, 230, 231, 408, 426, 378, 235, 510, 481, 238, 239, 480, 477, 242, 377, 632, 656, 475, 440, 248, 249, 250, 141, 658, 606, 631, 77, 256, 261, 258, 348, 503, 472, 470, 253, 343, 265, 266, 267, 467, 269, 471, 647, 272, 314, 630, 461, 581, 277, 278, 462, 280, 281, 282, 306, 59, 285, 286, 452, 492, 551, 642, 340, 458, 293, 226, 336, 456, 361, 628, 473, 174, 529, 508, 58, 448, 305, 491, 307, 92, 445, 229, 311, 312, 313, 499, 315, 443, 317, 318, 442, 526, 321, 483, 1, 150, 397, 233, 437, 328, 329, 420, 523, 332, 333, 334, 545, 401, 341, 338, 339, 370, 532, 342, 659, 299, 435, 346, 164, 424, 35, 419, 351, 352, 2, 354, 168, 11, 357, 596, 434, 360, 592, 623, 156, 31, 410, 366, 367, 648, 107, 185, 275, 372, 457, 374, 375, 376, 404, 19, 379, 549, 381, 322, 463, 406, 655, 403, 387, 398, 389, 603, 391, 392, 657, 371, 395]
Epoch
81
Epoch time
5.105731248855591
Epoch 81, Loss 0.007401000633824424
Epoch
82
Epoch time
5.011004209518433
Epoch 82, Loss 0.0068300201802530104
Epoch
83
Epoch time
5.01511025428772
Epoch 83, Loss 0.006252124900064852
Epoch
84
Epoch time
5.018121004104614
Epoch 84, Loss 0.00683324976656858
Epoch
85
Epoch time
5.10628080368042
Epoch 85, Loss 0.005615366076183458
Epoch
86
Epoch time
5.030259609222412
Epoch 86, Loss 0.006612553727409249
Epoch
87
Epoch time
5.0727739334106445
Epoch 87, Loss 0.005846609600379414
Epoch
88
Epoch time
5.075610160827637
Epoch 88, Loss 0.005370369649114461
Epoch
89
Epoch time
5.038977384567261
Epoch 89, Loss 0.006510456494477997
Epoch
90
Epoch time
5.094069957733154
Epoch 90, Loss 0.005619755045531842
Epoch
91
Epoch time
5.021989583969116
Epoch 91, Loss 0.005402094583464579
Epoch
92
Epoch time
5.042515277862549
Epoch 92, Loss 0.006900955582452373
Epoch
93
Epoch time
5.026120185852051
Epoch 93, Loss 0.0051915313697942144
Epoch
94
Epoch time
5.046090126037598
Epoch 94, Loss 0.006144896987120868
Epoch
95
Epoch time
5.0827717781066895
Epoch 95, Loss 0.005327017050317787
Epoch
96
Epoch time
5.041248083114624
Epoch 96, Loss 0.005510819171618758
Epoch
97
Epoch time
5.038074254989624
Epoch 97, Loss 0.005686419499889392
Epoch
98
Epoch time
5.033793687820435
Epoch 98, Loss 0.006457180149883328
Epoch
99
Epoch time
5.041704416275024
Epoch 99, Loss 0.005523106433157257
Epoch
100
Epoch time
535.3593099117279
Epoch 100, Loss 0.005386916974174767
Epoch 100
Selections count 396
Selections(Epoch, batch)
[(100, 0), (100, 595), (100, 640), (100, 3), (100, 4), (100, 5), (100, 6), (100, 7), (100, 8), (100, 627), (100, 10), (100, 654), (100, 625), (100, 175), (100, 597), (100, 15), (100, 586), (100, 639), (100, 206), (100, 583), (100, 20), (100, 537), (100, 22), (100, 23), (100, 24), (100, 594), (100, 26), (100, 579), (100, 578), (100, 577), (100, 30), (100, 567), (100, 32), (100, 604), (100, 34), (100, 569), (100, 36), (100, 37), (100, 522), (100, 636), (100, 560), (100, 41), (100, 42), (100, 635), (100, 619), (100, 45), (100, 634), (100, 47), (100, 633), (100, 620), (100, 558), (100, 466), (100, 52), (100, 53), (100, 54), (100, 55), (100, 56), (100, 57), (100, 574), (100, 575), (100, 553), (100, 547), (100, 62), (100, 63), (100, 513), (100, 533), (100, 383), (100, 67), (100, 68), (100, 608), (100, 70), (100, 626), (100, 72), (100, 73), (100, 617), (100, 552), (100, 76), (100, 622), (100, 591), (100, 127), (100, 80), (100, 81), (100, 82), (100, 83), (100, 84), (100, 85), (100, 566), (100, 87), (100, 557), (100, 544), (100, 90), (100, 91), (100, 450), (100, 540), (100, 614), (100, 95), (100, 96), (100, 97), (100, 520), (100, 465), (100, 613), (100, 565), (100, 646), (100, 103), (100, 157), (100, 105), (100, 106), (100, 601), (100, 612), (100, 423), (100, 590), (100, 468), (100, 538), (100, 113), (100, 114), (100, 541), (100, 116), (100, 451), (100, 118), (100, 119), (100, 120), (100, 330), (100, 122), (100, 123), (100, 124), (100, 125), (100, 536), (100, 112), (100, 444), (100, 428), (100, 621), (100, 131), (100, 254), (100, 400), (100, 134), (100, 135), (100, 469), (100, 137), (100, 517), (100, 139), (100, 140), (100, 624), (100, 333), (100, 143), (100, 516), (100, 145), (100, 146), (100, 147), (100, 148), (100, 149), (100, 259), (100, 151), (100, 159), (100, 153), (100, 637), (100, 155), (100, 629), (100, 618), (100, 452), (100, 615), (100, 160), (100, 515), (100, 162), (100, 163), (100, 564), (100, 165), (100, 166), (100, 641), (100, 652), (100, 518), (100, 170), (100, 171), (100, 512), (100, 413), (100, 244), (100, 335), (100, 337), (100, 177), (100, 178), (100, 179), (100, 412), (100, 509), (100, 507), (100, 183), (100, 599), (100, 436), (100, 427), (100, 187), (100, 172), (100, 189), (100, 190), (100, 191), (100, 192), (100, 193), (100, 194), (100, 195), (100, 593), (100, 505), (100, 511), (100, 415), (100, 638), (100, 644), (100, 202), (100, 203), (100, 204), (100, 429), (100, 417), (100, 496), (100, 271), (100, 651), (100, 210), (100, 519), (100, 212), (100, 213), (100, 214), (100, 399), (100, 495), (100, 217), (100, 494), (100, 219), (100, 220), (100, 492), (100, 247), (100, 223), (100, 224), (100, 225), (100, 358), (100, 645), (100, 487), (100, 362), (100, 582), (100, 405), (100, 408), (100, 426), (100, 378), (100, 235), (100, 104), (100, 481), (100, 238), (100, 239), (100, 480), (100, 477), (100, 242), (100, 377), (100, 632), (100, 74), (100, 475), (100, 273), (100, 248), (100, 249), (100, 250), (100, 379), (100, 658), (100, 606), (100, 631), (100, 77), (100, 256), (100, 261), (100, 258), (100, 348), (100, 503), (100, 472), (100, 470), (100, 253), (100, 343), (100, 265), (100, 266), (100, 267), (100, 467), (100, 269), (100, 471), (100, 647), (100, 272), (100, 314), (100, 630), (100, 461), (100, 581), (100, 277), (100, 278), (100, 462), (100, 598), (100, 281), (100, 282), (100, 306), (100, 59), (100, 285), (100, 286), (100, 393), (100, 443), (100, 323), (100, 642), (100, 232), (100, 458), (100, 293), (100, 226), (100, 336), (100, 456), (100, 361), (100, 628), (100, 473), (100, 174), (100, 529), (100, 508), (100, 58), (100, 448), (100, 305), (100, 659), (100, 307), (100, 92), (100, 445), (100, 229), (100, 311), (100, 312), (100, 313), (100, 499), (100, 315), (100, 390), (100, 317), (100, 318), (100, 442), (100, 526), (100, 228), (100, 483), (100, 1), (100, 150), (100, 397), (100, 233), (100, 437), (100, 328), (100, 329), (100, 420), (100, 523), (100, 332), (100, 346), (100, 334), (100, 545), (100, 221), (100, 341), (100, 550), (100, 339), (100, 370), (100, 532), (100, 342), (100, 504), (100, 299), (100, 435), (100, 304), (100, 164), (100, 424), (100, 35), (100, 419), (100, 351), (100, 352), (100, 2), (100, 354), (100, 168), (100, 11), (100, 357), (100, 596), (100, 434), (100, 360), (100, 592), (100, 623), (100, 156), (100, 31), (100, 410), (100, 366), (100, 367), (100, 648), (100, 107), (100, 185), (100, 275), (100, 372), (100, 457), (100, 374), (100, 375), (100, 376), (100, 404), (100, 19), (100, 303), (100, 549), (100, 381), (100, 322), (100, 463), (100, 102), (100, 655), (100, 403), (100, 387), (100, 398), (100, 389), (100, 603), (100, 391), (100, 392), (100, 657), (100, 460), (100, 395)]
Residuals
[1.5876702496865494e-15, 7.5374147198818e-16, 8.607550235404699e-16, 1.0157445829362166e-15, 9.370269335659194e-16, 8.400252069374133e-16]
100
[0, 595, 640, 3, 4, 5, 6, 7, 8, 627, 10, 654, 625, 175, 597, 15, 586, 639, 206, 583, 20, 537, 22, 23, 24, 594, 26, 579, 578, 577, 30, 567, 32, 604, 34, 569, 36, 37, 522, 636, 560, 41, 42, 635, 619, 45, 634, 47, 633, 620, 558, 466, 52, 53, 54, 55, 56, 57, 574, 575, 553, 547, 62, 63, 513, 533, 383, 67, 68, 608, 70, 626, 72, 73, 617, 552, 76, 622, 591, 127, 80, 81, 82, 83, 84, 85, 566, 87, 557, 544, 90, 91, 450, 540, 614, 95, 96, 97, 520, 465, 613, 565, 646, 103, 157, 105, 106, 601, 612, 423, 590, 468, 538, 113, 114, 541, 116, 451, 118, 119, 120, 330, 122, 123, 124, 125, 536, 112, 444, 428, 621, 131, 254, 400, 134, 135, 469, 137, 517, 139, 140, 624, 333, 143, 516, 145, 146, 147, 148, 149, 259, 151, 159, 153, 637, 155, 629, 618, 452, 615, 160, 515, 162, 163, 564, 165, 166, 641, 652, 518, 170, 171, 512, 413, 244, 335, 337, 177, 178, 179, 412, 509, 507, 183, 599, 436, 427, 187, 172, 189, 190, 191, 192, 193, 194, 195, 593, 505, 511, 415, 638, 644, 202, 203, 204, 429, 417, 496, 271, 651, 210, 519, 212, 213, 214, 399, 495, 217, 494, 219, 220, 492, 247, 223, 224, 225, 358, 645, 487, 362, 582, 405, 408, 426, 378, 235, 104, 481, 238, 239, 480, 477, 242, 377, 632, 74, 475, 273, 248, 249, 250, 379, 658, 606, 631, 77, 256, 261, 258, 348, 503, 472, 470, 253, 343, 265, 266, 267, 467, 269, 471, 647, 272, 314, 630, 461, 581, 277, 278, 462, 598, 281, 282, 306, 59, 285, 286, 393, 443, 323, 642, 232, 458, 293, 226, 336, 456, 361, 628, 473, 174, 529, 508, 58, 448, 305, 659, 307, 92, 445, 229, 311, 312, 313, 499, 315, 390, 317, 318, 442, 526, 228, 483, 1, 150, 397, 233, 437, 328, 329, 420, 523, 332, 346, 334, 545, 221, 341, 550, 339, 370, 532, 342, 504, 299, 435, 304, 164, 424, 35, 419, 351, 352, 2, 354, 168, 11, 357, 596, 434, 360, 592, 623, 156, 31, 410, 366, 367, 648, 107, 185, 275, 372, 457, 374, 375, 376, 404, 19, 303, 549, 381, 322, 463, 102, 655, 403, 387, 398, 389, 603, 391, 392, 657, 460, 395]
Epoch
101
Epoch time
5.526440143585205
Epoch 101, Loss 0.005243477143832157
Epoch
102
Epoch time
5.083862781524658
Epoch 102, Loss 0.005909273057097929
Epoch
103
Epoch time
5.280807733535767
Epoch 103, Loss 0.005838828186242229
Epoch
104
Epoch time
5.098186254501343
Epoch 104, Loss 0.0050611352956936645
Epoch
105
Epoch time
5.377959251403809
Epoch 105, Loss 0.004739628809839284
Epoch
106
Epoch time
5.2051005363464355
Epoch 106, Loss 0.005841124188104108
Epoch
107
Epoch time
5.037793874740601
Epoch 107, Loss 0.00430795532984348
Epoch
108
Epoch time
5.26938271522522
Epoch 108, Loss 0.004942543871292434
Epoch
109
Epoch time
5.035335063934326
Epoch 109, Loss 0.004632221363638583
Epoch
110
Epoch time
5.419922828674316
Epoch 110, Loss 0.0053283170623871
Epoch
111
Epoch time
5.029717922210693
Epoch 111, Loss 0.005109312697912571
Epoch
112
Epoch time
5.048540830612183
Epoch 112, Loss 0.004508014307343444
Epoch
113
Epoch time
5.049532175064087
Epoch 113, Loss 0.0047043811099543595
Epoch
114
Epoch time
5.259092569351196
Epoch 114, Loss 0.004903229943986342
Epoch
115
Epoch time
5.308367729187012
Epoch 115, Loss 0.004661840927147693
Epoch
116
Epoch time
5.061180830001831
Epoch 116, Loss 0.005566111276726579
Epoch
117
Epoch time
5.26460862159729
Epoch 117, Loss 0.0058341883691273464
Epoch
118
Epoch time
5.260117769241333
Epoch 118, Loss 0.004450945032471244
Epoch
119
Epoch time
5.076834440231323
Epoch 119, Loss 0.004747977235697433
Epoch
120
Epoch time
537.1055796146393
Epoch 120, Loss 0.006149092346961543
Epoch 120
Selections count 396
Selections(Epoch, batch)
[(120, 0), (120, 595), (120, 640), (120, 3), (120, 4), (120, 5), (120, 6), (120, 7), (120, 8), (120, 627), (120, 10), (120, 654), (120, 539), (120, 175), (120, 597), (120, 15), (120, 586), (120, 639), (120, 206), (120, 583), (120, 169), (120, 537), (120, 22), (120, 23), (120, 24), (120, 594), (120, 26), (120, 579), (120, 578), (120, 577), (120, 215), (120, 567), (120, 32), (120, 604), (120, 34), (120, 569), (120, 36), (120, 37), (120, 522), (120, 636), (120, 560), (120, 41), (120, 42), (120, 635), (120, 619), (120, 45), (120, 634), (120, 47), (120, 633), (120, 620), (120, 558), (120, 466), (120, 52), (120, 53), (120, 54), (120, 55), (120, 56), (120, 57), (120, 574), (120, 575), (120, 553), (120, 547), (120, 62), (120, 63), (120, 326), (120, 533), (120, 464), (120, 67), (120, 68), (120, 608), (120, 70), (120, 626), (120, 72), (120, 73), (120, 617), (120, 552), (120, 76), (120, 622), (120, 591), (120, 127), (120, 80), (120, 81), (120, 82), (120, 83), (120, 84), (120, 85), (120, 280), (120, 87), (120, 557), (120, 544), (120, 90), (120, 91), (120, 152), (120, 540), (120, 614), (120, 95), (120, 96), (120, 97), (120, 520), (120, 465), (120, 613), (120, 565), (120, 646), (120, 103), (120, 39), (120, 199), (120, 106), (120, 279), (120, 612), (120, 423), (120, 590), (120, 200), (120, 538), (120, 113), (120, 114), (120, 541), (120, 116), (120, 451), (120, 118), (120, 119), (120, 120), (120, 330), (120, 122), (120, 123), (120, 124), (120, 108), (120, 536), (120, 112), (120, 444), (120, 428), (120, 621), (120, 131), (120, 254), (120, 65), (120, 134), (120, 135), (120, 469), (120, 137), (120, 517), (120, 139), (120, 140), (120, 624), (120, 333), (120, 143), (120, 514), (120, 145), (120, 146), (120, 93), (120, 148), (120, 149), (120, 259), (120, 151), (120, 159), (120, 153), (120, 637), (120, 155), (120, 629), (120, 618), (120, 452), (120, 615), (120, 160), (120, 515), (120, 162), (120, 163), (120, 564), (120, 165), (120, 166), (120, 641), (120, 652), (120, 518), (120, 170), (120, 171), (120, 512), (120, 413), (120, 244), (120, 335), (120, 337), (120, 177), (120, 178), (120, 179), (120, 412), (120, 509), (120, 507), (120, 183), (120, 599), (120, 436), (120, 427), (120, 187), (120, 172), (120, 189), (120, 190), (120, 191), (120, 192), (120, 193), (120, 194), (120, 195), (120, 593), (120, 505), (120, 511), (120, 415), (120, 638), (120, 644), (120, 202), (120, 203), (120, 204), (120, 429), (120, 49), (120, 496), (120, 271), (120, 651), (120, 260), (120, 519), (120, 212), (120, 213), (120, 214), (120, 399), (120, 530), (120, 217), (120, 494), (120, 219), (120, 220), (120, 492), (120, 247), (120, 223), (120, 224), (120, 225), (120, 659), (120, 645), (120, 487), (120, 362), (120, 582), (120, 495), (120, 408), (120, 426), (120, 378), (120, 235), (120, 104), (120, 481), (120, 238), (120, 239), (120, 480), (120, 477), (120, 242), (120, 377), (120, 632), (120, 74), (120, 475), (120, 273), (120, 248), (120, 249), (120, 250), (120, 379), (120, 658), (120, 606), (120, 631), (120, 77), (120, 256), (120, 261), (120, 258), (120, 348), (120, 503), (120, 472), (120, 470), (120, 460), (120, 343), (120, 265), (120, 266), (120, 267), (120, 467), (120, 269), (120, 471), (120, 647), (120, 272), (120, 314), (120, 630), (120, 461), (120, 581), (120, 277), (120, 278), (120, 462), (120, 440), (120, 281), (120, 282), (120, 306), (120, 59), (120, 285), (120, 286), (120, 393), (120, 443), (120, 323), (120, 642), (120, 504), (120, 458), (120, 293), (120, 226), (120, 336), (120, 456), (120, 390), (120, 628), (120, 253), (120, 174), (120, 529), (120, 508), (120, 58), (120, 448), (120, 305), (120, 230), (120, 307), (120, 92), (120, 445), (120, 229), (120, 311), (120, 312), (120, 313), (120, 499), (120, 315), (120, 371), (120, 317), (120, 318), (120, 442), (120, 526), (120, 228), (120, 483), (120, 1), (120, 150), (120, 397), (120, 233), (120, 437), (120, 328), (120, 329), (120, 420), (120, 523), (120, 332), (120, 346), (120, 334), (120, 545), (120, 394), (120, 341), (120, 550), (120, 339), (120, 370), (120, 532), (120, 342), (120, 649), (120, 299), (120, 435), (120, 304), (120, 164), (120, 424), (120, 35), (120, 419), (120, 351), (120, 352), (120, 2), (120, 354), (120, 491), (120, 11), (120, 357), (120, 596), (120, 434), (120, 360), (120, 592), (120, 623), (120, 156), (120, 656), (120, 410), (120, 366), (120, 367), (120, 648), (120, 168), (120, 185), (120, 275), (120, 372), (120, 457), (120, 374), (120, 375), (120, 376), (120, 404), (120, 19), (120, 303), (120, 549), (120, 381), (120, 322), (120, 463), (120, 102), (120, 655), (120, 403), (120, 387), (120, 398), (120, 389), (120, 603), (120, 391), (120, 392), (120, 657), (120, 321), (120, 395)]
Residuals
[1.5876702496865494e-15, 7.5374147198818e-16, 8.607550235404699e-16, 1.0157445829362166e-15, 9.370269335659194e-16, 8.400252069374133e-16, 1.5106274411226604e-15]
120
[0, 595, 640, 3, 4, 5, 6, 7, 8, 627, 10, 654, 539, 175, 597, 15, 586, 639, 206, 583, 169, 537, 22, 23, 24, 594, 26, 579, 578, 577, 215, 567, 32, 604, 34, 569, 36, 37, 522, 636, 560, 41, 42, 635, 619, 45, 634, 47, 633, 620, 558, 466, 52, 53, 54, 55, 56, 57, 574, 575, 553, 547, 62, 63, 326, 533, 464, 67, 68, 608, 70, 626, 72, 73, 617, 552, 76, 622, 591, 127, 80, 81, 82, 83, 84, 85, 280, 87, 557, 544, 90, 91, 152, 540, 614, 95, 96, 97, 520, 465, 613, 565, 646, 103, 39, 199, 106, 279, 612, 423, 590, 200, 538, 113, 114, 541, 116, 451, 118, 119, 120, 330, 122, 123, 124, 108, 536, 112, 444, 428, 621, 131, 254, 65, 134, 135, 469, 137, 517, 139, 140, 624, 333, 143, 514, 145, 146, 93, 148, 149, 259, 151, 159, 153, 637, 155, 629, 618, 452, 615, 160, 515, 162, 163, 564, 165, 166, 641, 652, 518, 170, 171, 512, 413, 244, 335, 337, 177, 178, 179, 412, 509, 507, 183, 599, 436, 427, 187, 172, 189, 190, 191, 192, 193, 194, 195, 593, 505, 511, 415, 638, 644, 202, 203, 204, 429, 49, 496, 271, 651, 260, 519, 212, 213, 214, 399, 530, 217, 494, 219, 220, 492, 247, 223, 224, 225, 659, 645, 487, 362, 582, 495, 408, 426, 378, 235, 104, 481, 238, 239, 480, 477, 242, 377, 632, 74, 475, 273, 248, 249, 250, 379, 658, 606, 631, 77, 256, 261, 258, 348, 503, 472, 470, 460, 343, 265, 266, 267, 467, 269, 471, 647, 272, 314, 630, 461, 581, 277, 278, 462, 440, 281, 282, 306, 59, 285, 286, 393, 443, 323, 642, 504, 458, 293, 226, 336, 456, 390, 628, 253, 174, 529, 508, 58, 448, 305, 230, 307, 92, 445, 229, 311, 312, 313, 499, 315, 371, 317, 318, 442, 526, 228, 483, 1, 150, 397, 233, 437, 328, 329, 420, 523, 332, 346, 334, 545, 394, 341, 550, 339, 370, 532, 342, 649, 299, 435, 304, 164, 424, 35, 419, 351, 352, 2, 354, 491, 11, 357, 596, 434, 360, 592, 623, 156, 656, 410, 366, 367, 648, 168, 185, 275, 372, 457, 374, 375, 376, 404, 19, 303, 549, 381, 322, 463, 102, 655, 403, 387, 398, 389, 603, 391, 392, 657, 321, 395]
Epoch
121
Epoch time
5.23073673248291
Epoch 121, Loss 0.0055651988822046404
Epoch
122
Epoch time
5.186125993728638
Epoch 122, Loss 0.0044660716295003055
Epoch
123
Epoch time
5.126938581466675
Epoch 123, Loss 0.0045674591839332205
Epoch
124
Epoch time
5.124845743179321
Epoch 124, Loss 0.004857469529629649
Epoch
125
Epoch time
5.168795585632324
Epoch 125, Loss 0.004814567410344353
Epoch
126
Epoch time
5.108313322067261
Epoch 126, Loss 0.005239528055989145
Epoch
127
Epoch time
5.090698003768921
Epoch 127, Loss 0.005065061878610031
Epoch
128
Epoch time
5.091994524002075
Epoch 128, Loss 0.004031625603117395
Epoch
129
Epoch time
5.104403495788574
Epoch 129, Loss 0.004602821498168718
Epoch
130
Epoch time
5.160097360610962
Epoch 130, Loss 0.003636979455382973
Epoch
131
Epoch time
5.087094306945801
Epoch 131, Loss 0.00470453587709405
Epoch
132
Epoch time
6.94396710395813
Epoch 132, Loss 0.0045777349204963735
Epoch
133
Epoch time
5.082077264785767
Epoch 133, Loss 0.004581955768025002
Epoch
134
Epoch time
5.1075568199157715
Epoch 134, Loss 0.003961418282424976
Epoch
135
Epoch time
5.135532379150391
Epoch 135, Loss 0.004143557862264228
Epoch
136
Epoch time
5.119946479797363
Epoch 136, Loss 0.004205407736670802
Epoch
137
Epoch time
6.1599180698394775
Epoch 137, Loss 0.00417067244766225
Epoch
138
Epoch time
5.1078877449035645
Epoch 138, Loss 0.004098786670667731
Epoch
139
Epoch time
5.09203577041626
Epoch 139, Loss 0.004079542819030404
Epoch
140
Epoch time
536.5228593349457
Epoch 140, Loss 0.004567882497006034
Epoch 140
Selections count 396
Selections(Epoch, batch)
[(140, 0), (140, 595), (140, 640), (140, 3), (140, 4), (140, 5), (140, 6), (140, 7), (140, 8), (140, 627), (140, 10), (140, 654), (140, 539), (140, 175), (140, 597), (140, 15), (140, 586), (140, 639), (140, 206), (140, 583), (140, 169), (140, 537), (140, 22), (140, 23), (140, 24), (140, 594), (140, 26), (140, 579), (140, 578), (140, 577), (140, 215), (140, 205), (140, 32), (140, 604), (140, 34), (140, 569), (140, 36), (140, 37), (140, 522), (140, 636), (140, 560), (140, 41), (140, 42), (140, 635), (140, 619), (140, 45), (140, 634), (140, 47), (140, 633), (140, 620), (140, 558), (140, 466), (140, 52), (140, 53), (140, 54), (140, 55), (140, 56), (140, 57), (140, 574), (140, 575), (140, 553), (140, 547), (140, 62), (140, 63), (140, 326), (140, 533), (140, 464), (140, 67), (140, 68), (140, 608), (140, 70), (140, 626), (140, 72), (140, 476), (140, 617), (140, 552), (140, 76), (140, 622), (140, 591), (140, 127), (140, 80), (140, 81), (140, 82), (140, 83), (140, 84), (140, 85), (140, 280), (140, 87), (140, 557), (140, 544), (140, 90), (140, 91), (140, 152), (140, 540), (140, 373), (140, 95), (140, 96), (140, 97), (140, 520), (140, 465), (140, 613), (140, 565), (140, 646), (140, 103), (140, 39), (140, 161), (140, 106), (140, 279), (140, 551), (140, 423), (140, 590), (140, 200), (140, 538), (140, 113), (140, 114), (140, 541), (140, 116), (140, 451), (140, 118), (140, 119), (140, 120), (140, 330), (140, 122), (140, 123), (140, 124), (140, 108), (140, 536), (140, 112), (140, 444), (140, 428), (140, 621), (140, 131), (140, 254), (140, 65), (140, 134), (140, 135), (140, 469), (140, 137), (140, 517), (140, 139), (140, 140), (140, 624), (140, 196), (140, 143), (140, 138), (140, 145), (140, 146), (140, 93), (140, 148), (140, 149), (140, 259), (140, 151), (140, 159), (140, 153), (140, 637), (140, 155), (140, 629), (140, 618), (140, 570), (140, 615), (140, 160), (140, 515), (140, 162), (140, 163), (140, 564), (140, 165), (140, 166), (140, 641), (140, 652), (140, 518), (140, 170), (140, 171), (140, 512), (140, 413), (140, 244), (140, 335), (140, 337), (140, 177), (140, 178), (140, 179), (140, 412), (140, 509), (140, 507), (140, 183), (140, 599), (140, 426), (140, 427), (140, 187), (140, 172), (140, 189), (140, 190), (140, 191), (140, 192), (140, 193), (140, 194), (140, 195), (140, 593), (140, 505), (140, 511), (140, 415), (140, 638), (140, 644), (140, 202), (140, 203), (140, 204), (140, 429), (140, 443), (140, 496), (140, 271), (140, 651), (140, 462), (140, 519), (140, 212), (140, 213), (140, 405), (140, 399), (140, 625), (140, 217), (140, 494), (140, 219), (140, 220), (140, 492), (140, 247), (140, 223), (140, 224), (140, 225), (140, 257), (140, 645), (140, 487), (140, 362), (140, 210), (140, 232), (140, 408), (140, 358), (140, 378), (140, 235), (140, 104), (140, 481), (140, 238), (140, 239), (140, 480), (140, 250), (140, 242), (140, 377), (140, 632), (140, 74), (140, 475), (140, 273), (140, 248), (140, 249), (140, 125), (140, 379), (140, 658), (140, 606), (140, 631), (140, 77), (140, 256), (140, 261), (140, 258), (140, 348), (140, 503), (140, 472), (140, 470), (140, 460), (140, 343), (140, 265), (140, 266), (140, 267), (140, 467), (140, 269), (140, 471), (140, 647), (140, 272), (140, 314), (140, 630), (140, 461), (140, 581), (140, 277), (140, 278), (140, 601), (140, 440), (140, 281), (140, 282), (140, 306), (140, 59), (140, 285), (140, 286), (140, 393), (140, 422), (140, 323), (140, 642), (140, 504), (140, 458), (140, 141), (140, 226), (140, 336), (140, 456), (140, 390), (140, 628), (140, 253), (140, 174), (140, 529), (140, 508), (140, 58), (140, 448), (140, 305), (140, 27), (140, 307), (140, 92), (140, 445), (140, 229), (140, 311), (140, 312), (140, 313), (140, 499), (140, 315), (140, 221), (140, 317), (140, 318), (140, 442), (140, 526), (140, 228), (140, 483), (140, 1), (140, 150), (140, 473), (140, 356), (140, 437), (140, 328), (140, 329), (140, 420), (140, 523), (140, 332), (140, 550), (140, 334), (140, 545), (140, 107), (140, 341), (140, 561), (140, 339), (140, 370), (140, 532), (140, 342), (140, 653), (140, 299), (140, 435), (140, 304), (140, 164), (140, 424), (140, 35), (140, 419), (140, 351), (140, 352), (140, 2), (140, 354), (140, 491), (140, 11), (140, 357), (140, 596), (140, 434), (140, 360), (140, 592), (140, 623), (140, 156), (140, 31), (140, 410), (140, 366), (140, 367), (140, 648), (140, 168), (140, 659), (140, 275), (140, 372), (140, 457), (140, 374), (140, 375), (140, 376), (140, 404), (140, 19), (140, 303), (140, 549), (140, 381), (140, 322), (140, 463), (140, 102), (140, 655), (140, 403), (140, 387), (140, 398), (140, 389), (140, 603), (140, 391), (140, 392), (140, 657), (140, 321), (140, 395)]
Residuals
[1.5876702496865494e-15, 7.5374147198818e-16, 8.607550235404699e-16, 1.0157445829362166e-15, 9.370269335659194e-16, 8.400252069374133e-16, 1.5106274411226604e-15, 1.6682113018006865e-15]
140
[0, 595, 640, 3, 4, 5, 6, 7, 8, 627, 10, 654, 539, 175, 597, 15, 586, 639, 206, 583, 169, 537, 22, 23, 24, 594, 26, 579, 578, 577, 215, 205, 32, 604, 34, 569, 36, 37, 522, 636, 560, 41, 42, 635, 619, 45, 634, 47, 633, 620, 558, 466, 52, 53, 54, 55, 56, 57, 574, 575, 553, 547, 62, 63, 326, 533, 464, 67, 68, 608, 70, 626, 72, 476, 617, 552, 76, 622, 591, 127, 80, 81, 82, 83, 84, 85, 280, 87, 557, 544, 90, 91, 152, 540, 373, 95, 96, 97, 520, 465, 613, 565, 646, 103, 39, 161, 106, 279, 551, 423, 590, 200, 538, 113, 114, 541, 116, 451, 118, 119, 120, 330, 122, 123, 124, 108, 536, 112, 444, 428, 621, 131, 254, 65, 134, 135, 469, 137, 517, 139, 140, 624, 196, 143, 138, 145, 146, 93, 148, 149, 259, 151, 159, 153, 637, 155, 629, 618, 570, 615, 160, 515, 162, 163, 564, 165, 166, 641, 652, 518, 170, 171, 512, 413, 244, 335, 337, 177, 178, 179, 412, 509, 507, 183, 599, 426, 427, 187, 172, 189, 190, 191, 192, 193, 194, 195, 593, 505, 511, 415, 638, 644, 202, 203, 204, 429, 443, 496, 271, 651, 462, 519, 212, 213, 405, 399, 625, 217, 494, 219, 220, 492, 247, 223, 224, 225, 257, 645, 487, 362, 210, 232, 408, 358, 378, 235, 104, 481, 238, 239, 480, 250, 242, 377, 632, 74, 475, 273, 248, 249, 125, 379, 658, 606, 631, 77, 256, 261, 258, 348, 503, 472, 470, 460, 343, 265, 266, 267, 467, 269, 471, 647, 272, 314, 630, 461, 581, 277, 278, 601, 440, 281, 282, 306, 59, 285, 286, 393, 422, 323, 642, 504, 458, 141, 226, 336, 456, 390, 628, 253, 174, 529, 508, 58, 448, 305, 27, 307, 92, 445, 229, 311, 312, 313, 499, 315, 221, 317, 318, 442, 526, 228, 483, 1, 150, 473, 356, 437, 328, 329, 420, 523, 332, 550, 334, 545, 107, 341, 561, 339, 370, 532, 342, 653, 299, 435, 304, 164, 424, 35, 419, 351, 352, 2, 354, 491, 11, 357, 596, 434, 360, 592, 623, 156, 31, 410, 366, 367, 648, 168, 659, 275, 372, 457, 374, 375, 376, 404, 19, 303, 549, 381, 322, 463, 102, 655, 403, 387, 398, 389, 603, 391, 392, 657, 321, 395]
Epoch
141
Epoch time
5.302645683288574
Epoch 141, Loss 0.0037996709233071614
Epoch
142
Epoch time
5.238918304443359
Epoch 142, Loss 0.005489078656697757
Epoch
143
Epoch time
6.284661054611206
Epoch 143, Loss 0.004582664859879149
Epoch
144
Epoch time
5.090376853942871
Epoch 144, Loss 0.003938545645599258
Epoch
145
Epoch time
5.15672492980957
Epoch 145, Loss 0.0042770537044308195
Epoch
146
Epoch time
5.09304141998291
Epoch 146, Loss 0.004447052382308693
Epoch
147
Epoch time
5.08964204788208
Epoch 147, Loss 0.003440349037215479
Epoch
148
Epoch time
5.081411600112915
Epoch 148, Loss 0.0033737737070895866
Epoch
149
Epoch time
6.542341709136963
Epoch 149, Loss 0.004552800785493645
Epoch
150
Epoch time
5.146870374679565
Epoch 150, Loss 0.004342039225054061
Epoch
151
Epoch time
5.0935022830963135
Epoch 151, Loss 0.00375392257968078
Epoch
152
Epoch time
5.106776237487793
Epoch 152, Loss 0.004385311359124229
Epoch
153
Epoch time
5.118281841278076
Epoch 153, Loss 0.003270664198265365
Epoch
154
Epoch time
5.115473747253418
Epoch 154, Loss 0.004654166676034285
Epoch
155
Epoch time
6.068712949752808
Epoch 155, Loss 0.004515312491421645
Epoch
156
Epoch time
5.085381746292114
Epoch 156, Loss 0.00412689475114225
Epoch
157
Epoch time
5.100826263427734
Epoch 157, Loss 0.003280798340666493
Epoch
158
Epoch time
5.097458600997925
Epoch 158, Loss 0.00368399068230817
Epoch
159
Epoch time
5.098318338394165
Epoch 159, Loss 0.004335601821285706
Epoch
160
Epoch time
536.3767719268799
Epoch 160, Loss 0.0036337956395366597
Epoch 160
Selections count 396
Selections(Epoch, batch)
[(160, 0), (160, 595), (160, 640), (160, 3), (160, 4), (160, 5), (160, 6), (160, 7), (160, 8), (160, 627), (160, 10), (160, 654), (160, 539), (160, 175), (160, 597), (160, 15), (160, 586), (160, 639), (160, 206), (160, 583), (160, 169), (160, 537), (160, 22), (160, 23), (160, 24), (160, 594), (160, 26), (160, 579), (160, 578), (160, 577), (160, 215), (160, 205), (160, 32), (160, 604), (160, 34), (160, 569), (160, 36), (160, 37), (160, 522), (160, 636), (160, 560), (160, 41), (160, 42), (160, 635), (160, 619), (160, 45), (160, 634), (160, 47), (160, 633), (160, 620), (160, 558), (160, 466), (160, 52), (160, 53), (160, 54), (160, 55), (160, 56), (160, 57), (160, 574), (160, 575), (160, 553), (160, 547), (160, 62), (160, 63), (160, 326), (160, 533), (160, 464), (160, 67), (160, 68), (160, 608), (160, 70), (160, 626), (160, 72), (160, 476), (160, 617), (160, 552), (160, 76), (160, 622), (160, 591), (160, 127), (160, 80), (160, 81), (160, 82), (160, 83), (160, 84), (160, 85), (160, 280), (160, 87), (160, 557), (160, 544), (160, 90), (160, 91), (160, 152), (160, 540), (160, 373), (160, 95), (160, 96), (160, 97), (160, 520), (160, 465), (160, 613), (160, 565), (160, 646), (160, 103), (160, 39), (160, 161), (160, 106), (160, 279), (160, 551), (160, 423), (160, 590), (160, 200), (160, 538), (160, 113), (160, 114), (160, 541), (160, 116), (160, 451), (160, 118), (160, 119), (160, 120), (160, 330), (160, 122), (160, 123), (160, 124), (160, 108), (160, 536), (160, 112), (160, 444), (160, 428), (160, 621), (160, 131), (160, 254), (160, 65), (160, 134), (160, 135), (160, 469), (160, 137), (160, 517), (160, 139), (160, 140), (160, 624), (160, 196), (160, 143), (160, 138), (160, 145), (160, 146), (160, 93), (160, 148), (160, 149), (160, 259), (160, 151), (160, 159), (160, 153), (160, 637), (160, 155), (160, 629), (160, 618), (160, 570), (160, 615), (160, 160), (160, 515), (160, 162), (160, 163), (160, 64), (160, 165), (160, 166), (160, 641), (160, 652), (160, 518), (160, 170), (160, 171), (160, 512), (160, 413), (160, 244), (160, 335), (160, 337), (160, 177), (160, 178), (160, 49), (160, 412), (160, 509), (160, 507), (160, 183), (160, 599), (160, 426), (160, 427), (160, 187), (160, 172), (160, 189), (160, 190), (160, 191), (160, 192), (160, 193), (160, 194), (160, 195), (160, 593), (160, 505), (160, 511), (160, 415), (160, 638), (160, 644), (160, 202), (160, 203), (160, 204), (160, 429), (160, 443), (160, 496), (160, 271), (160, 651), (160, 462), (160, 519), (160, 212), (160, 213), (160, 405), (160, 399), (160, 625), (160, 217), (160, 494), (160, 219), (160, 220), (160, 28), (160, 44), (160, 223), (160, 224), (160, 225), (160, 257), (160, 645), (160, 487), (160, 362), (160, 210), (160, 13), (160, 408), (160, 358), (160, 378), (160, 235), (160, 104), (160, 481), (160, 238), (160, 239), (160, 480), (160, 250), (160, 242), (160, 377), (160, 632), (160, 74), (160, 475), (160, 273), (160, 248), (160, 249), (160, 584), (160, 379), (160, 658), (160, 606), (160, 631), (160, 77), (160, 256), (160, 261), (160, 258), (160, 348), (160, 503), (160, 472), (160, 470), (160, 460), (160, 343), (160, 265), (160, 266), (160, 267), (160, 467), (160, 269), (160, 471), (160, 647), (160, 272), (160, 314), (160, 630), (160, 461), (160, 581), (160, 277), (160, 278), (160, 51), (160, 440), (160, 281), (160, 282), (160, 306), (160, 59), (160, 285), (160, 286), (160, 393), (160, 598), (160, 323), (160, 642), (160, 473), (160, 458), (160, 141), (160, 226), (160, 336), (160, 456), (160, 436), (160, 628), (160, 253), (160, 174), (160, 529), (160, 508), (160, 58), (160, 448), (160, 659), (160, 229), (160, 307), (160, 92), (160, 445), (160, 397), (160, 311), (160, 312), (160, 313), (160, 499), (160, 315), (160, 390), (160, 317), (160, 318), (160, 442), (160, 526), (160, 228), (160, 483), (160, 1), (160, 150), (160, 233), (160, 567), (160, 437), (160, 328), (160, 329), (160, 420), (160, 523), (160, 374), (160, 227), (160, 334), (160, 545), (160, 107), (160, 341), (160, 561), (160, 339), (160, 370), (160, 532), (160, 342), (160, 371), (160, 299), (160, 435), (160, 304), (160, 164), (160, 424), (160, 35), (160, 419), (160, 351), (160, 352), (160, 2), (160, 354), (160, 491), (160, 11), (160, 357), (160, 596), (160, 434), (160, 360), (160, 592), (160, 623), (160, 156), (160, 31), (160, 410), (160, 366), (160, 367), (160, 648), (160, 168), (160, 653), (160, 275), (160, 372), (160, 457), (160, 477), (160, 375), (160, 376), (160, 404), (160, 19), (160, 214), (160, 549), (160, 381), (160, 322), (160, 463), (160, 102), (160, 655), (160, 403), (160, 387), (160, 398), (160, 389), (160, 603), (160, 391), (160, 392), (160, 657), (160, 614), (160, 197)]
Residuals
[1.5876702496865494e-15, 7.5374147198818e-16, 8.607550235404699e-16, 1.0157445829362166e-15, 9.370269335659194e-16, 8.400252069374133e-16, 1.5106274411226604e-15, 1.6682113018006865e-15, 3.1618697574567612e-15]
160
[0, 595, 640, 3, 4, 5, 6, 7, 8, 627, 10, 654, 539, 175, 597, 15, 586, 639, 206, 583, 169, 537, 22, 23, 24, 594, 26, 579, 578, 577, 215, 205, 32, 604, 34, 569, 36, 37, 522, 636, 560, 41, 42, 635, 619, 45, 634, 47, 633, 620, 558, 466, 52, 53, 54, 55, 56, 57, 574, 575, 553, 547, 62, 63, 326, 533, 464, 67, 68, 608, 70, 626, 72, 476, 617, 552, 76, 622, 591, 127, 80, 81, 82, 83, 84, 85, 280, 87, 557, 544, 90, 91, 152, 540, 373, 95, 96, 97, 520, 465, 613, 565, 646, 103, 39, 161, 106, 279, 551, 423, 590, 200, 538, 113, 114, 541, 116, 451, 118, 119, 120, 330, 122, 123, 124, 108, 536, 112, 444, 428, 621, 131, 254, 65, 134, 135, 469, 137, 517, 139, 140, 624, 196, 143, 138, 145, 146, 93, 148, 149, 259, 151, 159, 153, 637, 155, 629, 618, 570, 615, 160, 515, 162, 163, 64, 165, 166, 641, 652, 518, 170, 171, 512, 413, 244, 335, 337, 177, 178, 49, 412, 509, 507, 183, 599, 426, 427, 187, 172, 189, 190, 191, 192, 193, 194, 195, 593, 505, 511, 415, 638, 644, 202, 203, 204, 429, 443, 496, 271, 651, 462, 519, 212, 213, 405, 399, 625, 217, 494, 219, 220, 28, 44, 223, 224, 225, 257, 645, 487, 362, 210, 13, 408, 358, 378, 235, 104, 481, 238, 239, 480, 250, 242, 377, 632, 74, 475, 273, 248, 249, 584, 379, 658, 606, 631, 77, 256, 261, 258, 348, 503, 472, 470, 460, 343, 265, 266, 267, 467, 269, 471, 647, 272, 314, 630, 461, 581, 277, 278, 51, 440, 281, 282, 306, 59, 285, 286, 393, 598, 323, 642, 473, 458, 141, 226, 336, 456, 436, 628, 253, 174, 529, 508, 58, 448, 659, 229, 307, 92, 445, 397, 311, 312, 313, 499, 315, 390, 317, 318, 442, 526, 228, 483, 1, 150, 233, 567, 437, 328, 329, 420, 523, 374, 227, 334, 545, 107, 341, 561, 339, 370, 532, 342, 371, 299, 435, 304, 164, 424, 35, 419, 351, 352, 2, 354, 491, 11, 357, 596, 434, 360, 592, 623, 156, 31, 410, 366, 367, 648, 168, 653, 275, 372, 457, 477, 375, 376, 404, 19, 214, 549, 381, 322, 463, 102, 655, 403, 387, 398, 389, 603, 391, 392, 657, 614, 197]
Epoch
161
Epoch time
6.076906442642212
Epoch 161, Loss 0.003430069523056692
Epoch
162
Epoch time
5.028931617736816
Epoch 162, Loss 0.004308459991372958
Epoch
163
Epoch time
5.039012908935547
Epoch 163, Loss 0.0037466146271181405
Epoch
164
Epoch time
5.69327449798584
Epoch 164, Loss 0.004148266471057095
Epoch
165
Epoch time
5.08664083480835
Epoch 165, Loss 0.00391896680310842
Epoch
166
Epoch time
5.265240907669067
Epoch 166, Loss 0.0038951745704054255
Epoch
167
Epoch time
5.68919563293457
Epoch 167, Loss 0.004066312805593337
Epoch
168
Epoch time
5.036823034286499
Epoch 168, Loss 0.0044245676366480545
Epoch
169
Epoch time
5.043347120285034
Epoch 169, Loss 0.003138659560733963
Epoch
170
Epoch time
5.104144334793091
Epoch 170, Loss 0.003965198626279047
Epoch
171
Epoch time
5.044721841812134
Epoch 171, Loss 0.00433484275311533
Epoch
172
Epoch time
5.854590654373169
Epoch 172, Loss 0.0036976484205754013
Epoch
173
Epoch time
5.0400710105896
Epoch 173, Loss 0.0034368828987124604
Epoch
174
Epoch time
5.049588918685913
Epoch 174, Loss 0.003862241253939089
Epoch
175
Epoch time
5.098160028457642
Epoch 175, Loss 0.003889548030708312
Epoch
176
Epoch time
5.036526679992676
Epoch 176, Loss 0.004651827740990617
Epoch
177
Epoch time
5.048426628112793
Epoch 177, Loss 0.00356276997047137
Epoch
178
Epoch time
5.776290655136108
Epoch 178, Loss 0.0035674110765841326
Epoch
179
Epoch time
5.046436071395874
Epoch 179, Loss 0.0037257030644036013
Epoch
180
Epoch time
533.4067869186401
Epoch 180, Loss 0.0038807329613828284
Epoch 180
Selections count 396
Selections(Epoch, batch)
[(180, 0), (180, 595), (180, 640), (180, 3), (180, 4), (180, 5), (180, 6), (180, 7), (180, 8), (180, 627), (180, 10), (180, 654), (180, 539), (180, 175), (180, 597), (180, 15), (180, 586), (180, 639), (180, 206), (180, 583), (180, 169), (180, 537), (180, 22), (180, 23), (180, 24), (180, 594), (180, 26), (180, 579), (180, 578), (180, 577), (180, 215), (180, 205), (180, 32), (180, 604), (180, 34), (180, 569), (180, 36), (180, 37), (180, 522), (180, 636), (180, 560), (180, 41), (180, 42), (180, 635), (180, 619), (180, 45), (180, 634), (180, 47), (180, 633), (180, 620), (180, 558), (180, 466), (180, 52), (180, 53), (180, 54), (180, 55), (180, 56), (180, 57), (180, 574), (180, 575), (180, 553), (180, 547), (180, 62), (180, 63), (180, 326), (180, 533), (180, 464), (180, 67), (180, 68), (180, 608), (180, 70), (180, 626), (180, 72), (180, 476), (180, 617), (180, 552), (180, 76), (180, 622), (180, 591), (180, 127), (180, 80), (180, 81), (180, 82), (180, 83), (180, 84), (180, 85), (180, 280), (180, 87), (180, 557), (180, 544), (180, 90), (180, 91), (180, 152), (180, 540), (180, 373), (180, 95), (180, 96), (180, 97), (180, 520), (180, 465), (180, 613), (180, 565), (180, 646), (180, 103), (180, 39), (180, 161), (180, 106), (180, 279), (180, 551), (180, 423), (180, 590), (180, 200), (180, 538), (180, 113), (180, 114), (180, 541), (180, 116), (180, 451), (180, 118), (180, 119), (180, 120), (180, 330), (180, 122), (180, 123), (180, 124), (180, 108), (180, 536), (180, 112), (180, 444), (180, 428), (180, 621), (180, 131), (180, 254), (180, 65), (180, 134), (180, 135), (180, 469), (180, 137), (180, 517), (180, 139), (180, 140), (180, 624), (180, 196), (180, 143), (180, 138), (180, 145), (180, 146), (180, 93), (180, 148), (180, 149), (180, 259), (180, 151), (180, 159), (180, 153), (180, 637), (180, 155), (180, 629), (180, 618), (180, 570), (180, 615), (180, 160), (180, 515), (180, 162), (180, 163), (180, 64), (180, 165), (180, 166), (180, 641), (180, 652), (180, 518), (180, 170), (180, 171), (180, 512), (180, 413), (180, 244), (180, 335), (180, 337), (180, 177), (180, 178), (180, 49), (180, 412), (180, 509), (180, 507), (180, 183), (180, 599), (180, 426), (180, 427), (180, 187), (180, 172), (180, 189), (180, 190), (180, 191), (180, 192), (180, 193), (180, 194), (180, 195), (180, 593), (180, 505), (180, 511), (180, 415), (180, 638), (180, 644), (180, 202), (180, 203), (180, 204), (180, 429), (180, 485), (180, 649), (180, 271), (180, 651), (180, 462), (180, 519), (180, 212), (180, 213), (180, 405), (180, 399), (180, 493), (180, 217), (180, 494), (180, 219), (180, 220), (180, 477), (180, 473), (180, 223), (180, 224), (180, 225), (180, 499), (180, 645), (180, 487), (180, 362), (180, 210), (180, 453), (180, 408), (180, 358), (180, 378), (180, 235), (180, 104), (180, 481), (180, 238), (180, 239), (180, 480), (180, 250), (180, 242), (180, 377), (180, 632), (180, 74), (180, 475), (180, 273), (180, 248), (180, 249), (180, 659), (180, 379), (180, 658), (180, 606), (180, 631), (180, 77), (180, 256), (180, 261), (180, 258), (180, 348), (180, 503), (180, 472), (180, 470), (180, 460), (180, 343), (180, 265), (180, 266), (180, 267), (180, 467), (180, 269), (180, 406), (180, 647), (180, 272), (180, 314), (180, 630), (180, 461), (180, 581), (180, 277), (180, 278), (180, 446), (180, 247), (180, 281), (180, 282), (180, 306), (180, 59), (180, 285), (180, 286), (180, 648), (180, 361), (180, 614), (180, 642), (180, 422), (180, 458), (180, 141), (180, 226), (180, 336), (180, 456), (180, 452), (180, 628), (180, 253), (180, 174), (180, 529), (180, 508), (180, 58), (180, 448), (180, 592), (180, 492), (180, 307), (180, 92), (180, 445), (180, 397), (180, 311), (180, 312), (180, 313), (180, 395), (180, 315), (180, 305), (180, 317), (180, 318), (180, 442), (180, 526), (180, 228), (180, 483), (180, 1), (180, 150), (180, 167), (180, 567), (180, 437), (180, 328), (180, 329), (180, 420), (180, 523), (180, 374), (180, 185), (180, 334), (180, 545), (180, 107), (180, 341), (180, 561), (180, 339), (180, 370), (180, 532), (180, 342), (180, 371), (180, 299), (180, 435), (180, 304), (180, 164), (180, 424), (180, 35), (180, 419), (180, 351), (180, 352), (180, 2), (180, 354), (180, 491), (180, 11), (180, 357), (180, 596), (180, 434), (180, 360), (180, 338), (180, 623), (180, 156), (180, 31), (180, 410), (180, 366), (180, 367), (180, 436), (180, 564), (180, 20), (180, 275), (180, 372), (180, 457), (180, 99), (180, 375), (180, 376), (180, 404), (180, 19), (180, 214), (180, 549), (180, 381), (180, 322), (180, 463), (180, 102), (180, 655), (180, 403), (180, 387), (180, 398), (180, 389), (180, 603), (180, 391), (180, 392), (180, 657), (180, 61), (180, 332)]
Residuals
[1.5876702496865494e-15, 7.5374147198818e-16, 8.607550235404699e-16, 1.0157445829362166e-15, 9.370269335659194e-16, 8.400252069374133e-16, 1.5106274411226604e-15, 1.6682113018006865e-15, 3.1618697574567612e-15, 1.392801916675117e-15]
180
[0, 595, 640, 3, 4, 5, 6, 7, 8, 627, 10, 654, 539, 175, 597, 15, 586, 639, 206, 583, 169, 537, 22, 23, 24, 594, 26, 579, 578, 577, 215, 205, 32, 604, 34, 569, 36, 37, 522, 636, 560, 41, 42, 635, 619, 45, 634, 47, 633, 620, 558, 466, 52, 53, 54, 55, 56, 57, 574, 575, 553, 547, 62, 63, 326, 533, 464, 67, 68, 608, 70, 626, 72, 476, 617, 552, 76, 622, 591, 127, 80, 81, 82, 83, 84, 85, 280, 87, 557, 544, 90, 91, 152, 540, 373, 95, 96, 97, 520, 465, 613, 565, 646, 103, 39, 161, 106, 279, 551, 423, 590, 200, 538, 113, 114, 541, 116, 451, 118, 119, 120, 330, 122, 123, 124, 108, 536, 112, 444, 428, 621, 131, 254, 65, 134, 135, 469, 137, 517, 139, 140, 624, 196, 143, 138, 145, 146, 93, 148, 149, 259, 151, 159, 153, 637, 155, 629, 618, 570, 615, 160, 515, 162, 163, 64, 165, 166, 641, 652, 518, 170, 171, 512, 413, 244, 335, 337, 177, 178, 49, 412, 509, 507, 183, 599, 426, 427, 187, 172, 189, 190, 191, 192, 193, 194, 195, 593, 505, 511, 415, 638, 644, 202, 203, 204, 429, 485, 649, 271, 651, 462, 519, 212, 213, 405, 399, 493, 217, 494, 219, 220, 477, 473, 223, 224, 225, 499, 645, 487, 362, 210, 453, 408, 358, 378, 235, 104, 481, 238, 239, 480, 250, 242, 377, 632, 74, 475, 273, 248, 249, 659, 379, 658, 606, 631, 77, 256, 261, 258, 348, 503, 472, 470, 460, 343, 265, 266, 267, 467, 269, 406, 647, 272, 314, 630, 461, 581, 277, 278, 446, 247, 281, 282, 306, 59, 285, 286, 648, 361, 614, 642, 422, 458, 141, 226, 336, 456, 452, 628, 253, 174, 529, 508, 58, 448, 592, 492, 307, 92, 445, 397, 311, 312, 313, 395, 315, 305, 317, 318, 442, 526, 228, 483, 1, 150, 167, 567, 437, 328, 329, 420, 523, 374, 185, 334, 545, 107, 341, 561, 339, 370, 532, 342, 371, 299, 435, 304, 164, 424, 35, 419, 351, 352, 2, 354, 491, 11, 357, 596, 434, 360, 338, 623, 156, 31, 410, 366, 367, 436, 564, 20, 275, 372, 457, 99, 375, 376, 404, 19, 214, 549, 381, 322, 463, 102, 655, 403, 387, 398, 389, 603, 391, 392, 657, 61, 332]
Epoch
181
Epoch time
5.221143484115601
Epoch 181, Loss 0.004264649993137676
Epoch
182
Epoch time
5.089103937149048
Epoch 182, Loss 0.002929814541798166
Epoch
183
Epoch time
5.0923075675964355
Epoch 183, Loss 0.0035715836945224783
Epoch
184
Epoch time
5.09822416305542
Epoch 184, Loss 0.003147546447188129
Epoch
185
Epoch time
6.277695655822754
Epoch 185, Loss 0.0037922221630074184
Epoch
186
Epoch time
5.101109743118286
Epoch 186, Loss 0.003556596269127219
Epoch
187
Epoch time
5.098469972610474
Epoch 187, Loss 0.0038337000856756495
Epoch
188
Epoch time
5.08759069442749
Epoch 188, Loss 0.003431956674045035
Epoch
189
Epoch time
5.089832067489624
Epoch 189, Loss 0.00352627556940219
Epoch
190
Epoch time
5.151498317718506
Epoch 190, Loss 0.0033431840035472622
Epoch
191
Epoch time
6.040663242340088
Epoch 191, Loss 0.003118659021696111
Epoch
192
Epoch time
5.055931806564331
Epoch 192, Loss 0.0036588202520872787
Epoch
193
Epoch time
5.045446395874023
Epoch 193, Loss 0.0027694655415986345
Epoch
194
Epoch time
5.048711776733398
Epoch 194, Loss 0.0040436467197334435
Epoch
195
Epoch time
5.10595178604126
Epoch 195, Loss 0.004737679784887631
Epoch
196
Epoch time
6.072644233703613
Epoch 196, Loss 0.0031734859993952113
Epoch
197
Epoch time
5.039252281188965
Epoch 197, Loss 0.003312164717767795
Epoch
198
Epoch time
5.043466329574585
Epoch 198, Loss 0.004158102636471905
Epoch
199
Epoch time
5.039906978607178
Epoch 199, Loss 0.0036154730193953457
