600
torch.Size([66000, 1, 1, 28, 28])
Epoch
0
Epoch time
563.0141100883484
Epoch 0, Loss 0.11953475767746567
Epoch 0
Selections count 0
Selections(Epoch, batch)
[(0, 0), (0, 1), (0, 2), (0, 3), (0, 4), (0, 5), (0, 6), (0, 7), (0, 8), (0, 641), (0, 10), (0, 659), (0, 658), (0, 657), (0, 645), (0, 652), (0, 651), (0, 635), (0, 643), (0, 633), (0, 20), (0, 21), (0, 626), (0, 23), (0, 24), (0, 25), (0, 26), (0, 629), (0, 625), (0, 632), (0, 30), (0, 31), (0, 32), (0, 621), (0, 34), (0, 620), (0, 36), (0, 37), (0, 622), (0, 617), (0, 40), (0, 41), (0, 42), (0, 619), (0, 44), (0, 45), (0, 46), (0, 47), (0, 642), (0, 603), (0, 50), (0, 51), (0, 52), (0, 53), (0, 602), (0, 592), (0, 56), (0, 57), (0, 58), (0, 59), (0, 591), (0, 590), (0, 62), (0, 63), (0, 64), (0, 588), (0, 66), (0, 67), (0, 68), (0, 586), (0, 70), (0, 71), (0, 72), (0, 73), (0, 74), (0, 585), (0, 76), (0, 77), (0, 78), (0, 79), (0, 80), (0, 81), (0, 82), (0, 83), (0, 84), (0, 85), (0, 86), (0, 87), (0, 88), (0, 613), (0, 90), (0, 91), (0, 92), (0, 579), (0, 94), (0, 95), (0, 574), (0, 97), (0, 98), (0, 99), (0, 100), (0, 572), (0, 570), (0, 103), (0, 569), (0, 105), (0, 106), (0, 578), (0, 649), (0, 568), (0, 567), (0, 111), (0, 601), (0, 113), (0, 114), (0, 115), (0, 565), (0, 117), (0, 118), (0, 119), (0, 120), (0, 121), (0, 122), (0, 123), (0, 124), (0, 566), (0, 584), (0, 560), (0, 128), (0, 129), (0, 130), (0, 131), (0, 557), (0, 133), (0, 134), (0, 135), (0, 136), (0, 137), (0, 138), (0, 139), (0, 140), (0, 554), (0, 553), (0, 637), (0, 549), (0, 145), (0, 146), (0, 147), (0, 148), (0, 149), (0, 150), (0, 616), (0, 152), (0, 545), (0, 154), (0, 155), (0, 156), (0, 157), (0, 604), (0, 556), (0, 160), (0, 161), (0, 162), (0, 163), (0, 164), (0, 165), (0, 166), (0, 547), (0, 168), (0, 539), (0, 170), (0, 171), (0, 541), (0, 607), (0, 538), (0, 537), (0, 535), (0, 177), (0, 178), (0, 179), (0, 180), (0, 181), (0, 182), (0, 183), (0, 521), (0, 518), (0, 512), (0, 187), (0, 600), (0, 189), (0, 190), (0, 583), (0, 192), (0, 193), (0, 194), (0, 195), (0, 196), (0, 197), (0, 523), (0, 505), (0, 502), (0, 513), (0, 202), (0, 203), (0, 498), (0, 205), (0, 206), (0, 500), (0, 552), (0, 209), (0, 210), (0, 211), (0, 212), (0, 213), (0, 214), (0, 509), (0, 496), (0, 494), (0, 493), (0, 219), (0, 220), (0, 221), (0, 489), (0, 223), (0, 485), (0, 225), (0, 487), (0, 490), (0, 228), (0, 229), (0, 230), (0, 231), (0, 484), (0, 233), (0, 480), (0, 235), (0, 236), (0, 479), (0, 238), (0, 239), (0, 477), (0, 473), (0, 242), (0, 243), (0, 472), (0, 503), (0, 246), (0, 614), (0, 248), (0, 249), (0, 250), (0, 534), (0, 470), (0, 253), (0, 481), (0, 255), (0, 467), (0, 257), (0, 258), (0, 466), (0, 260), (0, 532), (0, 463), (0, 461), (0, 264), (0, 265), (0, 266), (0, 267), (0, 465), (0, 269), (0, 270), (0, 508), (0, 272), (0, 273), (0, 634), (0, 548), (0, 464), (0, 277), (0, 278), (0, 528), (0, 280), (0, 281), (0, 563), (0, 462), (0, 284), (0, 285), (0, 286), (0, 492), (0, 647), (0, 514), (0, 450), (0, 291), (0, 446), (0, 293), (0, 294), (0, 445), (0, 444), (0, 297), (0, 448), (0, 299), (0, 499), (0, 442), (0, 302), (0, 303), (0, 304), (0, 305), (0, 306), (0, 307), (0, 441), (0, 440), (0, 483), (0, 311), (0, 312), (0, 313), (0, 314), (0, 315), (0, 435), (0, 317), (0, 318), (0, 434), (0, 488), (0, 321), (0, 612), (0, 430), (0, 324), (0, 456), (0, 428), (0, 424), (0, 422), (0, 329), (0, 330), (0, 420), (0, 332), (0, 474), (0, 334), (0, 469), (0, 336), (0, 577), (0, 338), (0, 416), (0, 340), (0, 341), (0, 342), (0, 520), (0, 344), (0, 459), (0, 346), (0, 347), (0, 348), (0, 595), (0, 350), (0, 413), (0, 352), (0, 353), (0, 410), (0, 407), (0, 409), (0, 357), (0, 358), (0, 408), (0, 460), (0, 361), (0, 597), (0, 363), (0, 640), (0, 404), (0, 403), (0, 453), (0, 406), (0, 575), (0, 399), (0, 371), (0, 372), (0, 373), (0, 431), (0, 375), (0, 376), (0, 398), (0, 423), (0, 379), (0, 447), (0, 381), (0, 382), (0, 383), (0, 384), (0, 385), (0, 386), (0, 516), (0, 396), (0, 389), (0, 390), (0, 536), (0, 436), (0, 393), (0, 394), (0, 482)]
Residuals
[7.547109926553692e-16]
0
[0, 1, 2, 3, 4, 5, 6, 7, 8, 641, 10, 659, 658, 657, 645, 652, 651, 635, 643, 633, 20, 21, 626, 23, 24, 25, 26, 629, 625, 632, 30, 31, 32, 621, 34, 620, 36, 37, 622, 617, 40, 41, 42, 619, 44, 45, 46, 47, 642, 603, 50, 51, 52, 53, 602, 592, 56, 57, 58, 59, 591, 590, 62, 63, 64, 588, 66, 67, 68, 586, 70, 71, 72, 73, 74, 585, 76, 77, 78, 79, 80, 81, 82, 83, 84, 85, 86, 87, 88, 613, 90, 91, 92, 579, 94, 95, 574, 97, 98, 99, 100, 572, 570, 103, 569, 105, 106, 578, 649, 568, 567, 111, 601, 113, 114, 115, 565, 117, 118, 119, 120, 121, 122, 123, 124, 566, 584, 560, 128, 129, 130, 131, 557, 133, 134, 135, 136, 137, 138, 139, 140, 554, 553, 637, 549, 145, 146, 147, 148, 149, 150, 616, 152, 545, 154, 155, 156, 157, 604, 556, 160, 161, 162, 163, 164, 165, 166, 547, 168, 539, 170, 171, 541, 607, 538, 537, 535, 177, 178, 179, 180, 181, 182, 183, 521, 518, 512, 187, 600, 189, 190, 583, 192, 193, 194, 195, 196, 197, 523, 505, 502, 513, 202, 203, 498, 205, 206, 500, 552, 209, 210, 211, 212, 213, 214, 509, 496, 494, 493, 219, 220, 221, 489, 223, 485, 225, 487, 490, 228, 229, 230, 231, 484, 233, 480, 235, 236, 479, 238, 239, 477, 473, 242, 243, 472, 503, 246, 614, 248, 249, 250, 534, 470, 253, 481, 255, 467, 257, 258, 466, 260, 532, 463, 461, 264, 265, 266, 267, 465, 269, 270, 508, 272, 273, 634, 548, 464, 277, 278, 528, 280, 281, 563, 462, 284, 285, 286, 492, 647, 514, 450, 291, 446, 293, 294, 445, 444, 297, 448, 299, 499, 442, 302, 303, 304, 305, 306, 307, 441, 440, 483, 311, 312, 313, 314, 315, 435, 317, 318, 434, 488, 321, 612, 430, 324, 456, 428, 424, 422, 329, 330, 420, 332, 474, 334, 469, 336, 577, 338, 416, 340, 341, 342, 520, 344, 459, 346, 347, 348, 595, 350, 413, 352, 353, 410, 407, 409, 357, 358, 408, 460, 361, 597, 363, 640, 404, 403, 453, 406, 575, 399, 371, 372, 373, 431, 375, 376, 398, 423, 379, 447, 381, 382, 383, 384, 385, 386, 516, 396, 389, 390, 536, 436, 393, 394, 482]
Epoch
1
Epoch time
5.093854904174805
Epoch 1, Loss 0.08795285100544183
Epoch
2
Epoch time
4.997286558151245
Epoch 2, Loss 0.07770267392993749
Epoch
3
Epoch time
4.994018077850342
Epoch 3, Loss 0.0679831725199862
Epoch
4
Epoch time
5.00881552696228
Epoch 4, Loss 0.05768772815034026
Epoch
5
Epoch time
5.0677876472473145
Epoch 5, Loss 0.05589504752249923
Epoch
6
Epoch time
5.004033803939819
Epoch 6, Loss 0.05093348965980113
Epoch
7
Epoch time
5.008753776550293
Epoch 7, Loss 0.04296081376776177
Epoch
8
Epoch time
5.003342866897583
Epoch 8, Loss 0.040337653401948045
Epoch
9
Epoch time
5.018130779266357
Epoch 9, Loss 0.037877269310120025
Epoch
10
Epoch time
5.061103820800781
Epoch 10, Loss 0.03616702193787205
Epoch
11
Epoch time
5.0560455322265625
Epoch 11, Loss 0.03322489453392336
Epoch
12
Epoch time
5.009827136993408
Epoch 12, Loss 0.03179532486018919
Epoch
13
Epoch time
5.013611555099487
Epoch 13, Loss 0.02796908536271076
Epoch
14
Epoch time
5.009435415267944
Epoch 14, Loss 0.028392921221263048
Epoch
15
Epoch time
5.058253526687622
Epoch 15, Loss 0.025807039302647657
Epoch
16
Epoch time
5.01057243347168
Epoch 16, Loss 0.025220309706831662
Epoch
17
Epoch time
5.016430139541626
Epoch 17, Loss 0.022636565998230555
Epoch
18
Epoch time
5.012541055679321
Epoch 18, Loss 0.02436203523100024
Epoch
19
Epoch time
5.0102009773254395
Epoch 19, Loss 0.022880544851959714
Epoch
20
Epoch time
567.7818717956543
Epoch 20, Loss 0.01871566117052377
Epoch 20
Selections count 396
Selections(Epoch, batch)
[(20, 0), (20, 1), (20, 2), (20, 3), (20, 4), (20, 5), (20, 6), (20, 7), (20, 380), (20, 387), (20, 10), (20, 540), (20, 542), (20, 657), (20, 543), (20, 652), (20, 651), (20, 635), (20, 452), (20, 633), (20, 20), (20, 21), (20, 626), (20, 23), (20, 24), (20, 448), (20, 26), (20, 451), (20, 625), (20, 632), (20, 30), (20, 31), (20, 32), (20, 621), (20, 34), (20, 620), (20, 36), (20, 37), (20, 622), (20, 617), (20, 40), (20, 41), (20, 42), (20, 619), (20, 44), (20, 45), (20, 46), (20, 47), (20, 642), (20, 603), (20, 50), (20, 51), (20, 52), (20, 53), (20, 487), (20, 654), (20, 56), (20, 57), (20, 58), (20, 59), (20, 591), (20, 590), (20, 62), (20, 63), (20, 64), (20, 588), (20, 66), (20, 67), (20, 68), (20, 586), (20, 70), (20, 360), (20, 72), (20, 73), (20, 74), (20, 378), (20, 76), (20, 77), (20, 78), (20, 79), (20, 80), (20, 81), (20, 82), (20, 83), (20, 84), (20, 85), (20, 86), (20, 87), (20, 88), (20, 613), (20, 90), (20, 91), (20, 92), (20, 579), (20, 94), (20, 95), (20, 574), (20, 659), (20, 98), (20, 99), (20, 100), (20, 572), (20, 421), (20, 103), (20, 569), (20, 105), (20, 106), (20, 578), (20, 649), (20, 568), (20, 567), (20, 595), (20, 374), (20, 113), (20, 369), (20, 115), (20, 565), (20, 117), (20, 118), (20, 119), (20, 362), (20, 121), (20, 122), (20, 123), (20, 124), (20, 601), (20, 584), (20, 560), (20, 351), (20, 129), (20, 130), (20, 131), (20, 557), (20, 133), (20, 134), (20, 135), (20, 136), (20, 137), (20, 289), (20, 139), (20, 140), (20, 554), (20, 553), (20, 637), (20, 549), (20, 145), (20, 146), (20, 147), (20, 148), (20, 13), (20, 150), (20, 616), (20, 152), (20, 545), (20, 154), (20, 288), (20, 156), (20, 157), (20, 604), (20, 556), (20, 160), (20, 593), (20, 162), (20, 163), (20, 164), (20, 165), (20, 166), (20, 547), (20, 168), (20, 539), (20, 170), (20, 171), (20, 541), (20, 607), (20, 538), (20, 592), (20, 535), (20, 177), (20, 178), (20, 179), (20, 180), (20, 181), (20, 525), (20, 183), (20, 521), (20, 518), (20, 512), (20, 187), (20, 600), (20, 189), (20, 190), (20, 583), (20, 192), (20, 193), (20, 194), (20, 195), (20, 196), (20, 197), (20, 523), (20, 505), (20, 502), (20, 513), (20, 202), (20, 581), (20, 498), (20, 205), (20, 206), (20, 500), (20, 552), (20, 209), (20, 210), (20, 211), (20, 212), (20, 213), (20, 214), (20, 655), (20, 496), (20, 494), (20, 493), (20, 219), (20, 220), (20, 221), (20, 489), (20, 223), (20, 485), (20, 225), (20, 367), (20, 631), (20, 228), (20, 229), (20, 230), (20, 231), (20, 484), (20, 233), (20, 480), (20, 235), (20, 645), (20, 409), (20, 238), (20, 239), (20, 477), (20, 473), (20, 251), (20, 243), (20, 597), (20, 503), (20, 246), (20, 614), (20, 248), (20, 249), (20, 250), (20, 534), (20, 470), (20, 253), (20, 481), (20, 255), (20, 467), (20, 257), (20, 258), (20, 466), (20, 260), (20, 532), (20, 463), (20, 461), (20, 264), (20, 265), (20, 266), (20, 267), (20, 465), (20, 269), (20, 349), (20, 508), (20, 272), (20, 273), (20, 634), (20, 548), (20, 464), (20, 277), (20, 278), (20, 528), (20, 280), (20, 281), (20, 563), (20, 462), (20, 284), (20, 285), (20, 286), (20, 492), (20, 647), (20, 514), (20, 522), (20, 291), (20, 446), (20, 293), (20, 294), (20, 445), (20, 444), (20, 297), (20, 343), (20, 299), (20, 499), (20, 442), (20, 302), (20, 303), (20, 304), (20, 305), (20, 306), (20, 307), (20, 247), (20, 440), (20, 483), (20, 311), (20, 312), (20, 313), (20, 314), (20, 315), (20, 435), (20, 317), (20, 318), (20, 434), (20, 488), (20, 321), (20, 612), (20, 430), (20, 275), (20, 531), (20, 428), (20, 424), (20, 422), (20, 329), (20, 330), (20, 420), (20, 332), (20, 391), (20, 334), (20, 116), (20, 336), (20, 558), (20, 338), (20, 416), (20, 261), (20, 341), (20, 342), (20, 520), (20, 344), (20, 459), (20, 224), (20, 240), (20, 348), (20, 364), (20, 350), (20, 413), (20, 352), (20, 519), (20, 234), (20, 407), (20, 151), (20, 357), (20, 358), (20, 282), (20, 460), (20, 361), (20, 335), (20, 174), (20, 640), (20, 404), (20, 403), (20, 453), (20, 644), (20, 575), (20, 399), (20, 371), (20, 372), (20, 373), (20, 431), (20, 375), (20, 376), (20, 398), (20, 423), (20, 379), (20, 658), (20, 381), (20, 382), (20, 383), (20, 384), (20, 385), (20, 11), (20, 516), (20, 396), (20, 389), (20, 390), (20, 536), (20, 436), (20, 393), (20, 394), (20, 482)]
Residuals
[7.547109926553692e-16, 5.654807190680592e-16]
20
[0, 1, 2, 3, 4, 5, 6, 7, 380, 387, 10, 540, 542, 657, 543, 652, 651, 635, 452, 633, 20, 21, 626, 23, 24, 448, 26, 451, 625, 632, 30, 31, 32, 621, 34, 620, 36, 37, 622, 617, 40, 41, 42, 619, 44, 45, 46, 47, 642, 603, 50, 51, 52, 53, 487, 654, 56, 57, 58, 59, 591, 590, 62, 63, 64, 588, 66, 67, 68, 586, 70, 360, 72, 73, 74, 378, 76, 77, 78, 79, 80, 81, 82, 83, 84, 85, 86, 87, 88, 613, 90, 91, 92, 579, 94, 95, 574, 659, 98, 99, 100, 572, 421, 103, 569, 105, 106, 578, 649, 568, 567, 595, 374, 113, 369, 115, 565, 117, 118, 119, 362, 121, 122, 123, 124, 601, 584, 560, 351, 129, 130, 131, 557, 133, 134, 135, 136, 137, 289, 139, 140, 554, 553, 637, 549, 145, 146, 147, 148, 13, 150, 616, 152, 545, 154, 288, 156, 157, 604, 556, 160, 593, 162, 163, 164, 165, 166, 547, 168, 539, 170, 171, 541, 607, 538, 592, 535, 177, 178, 179, 180, 181, 525, 183, 521, 518, 512, 187, 600, 189, 190, 583, 192, 193, 194, 195, 196, 197, 523, 505, 502, 513, 202, 581, 498, 205, 206, 500, 552, 209, 210, 211, 212, 213, 214, 655, 496, 494, 493, 219, 220, 221, 489, 223, 485, 225, 367, 631, 228, 229, 230, 231, 484, 233, 480, 235, 645, 409, 238, 239, 477, 473, 251, 243, 597, 503, 246, 614, 248, 249, 250, 534, 470, 253, 481, 255, 467, 257, 258, 466, 260, 532, 463, 461, 264, 265, 266, 267, 465, 269, 349, 508, 272, 273, 634, 548, 464, 277, 278, 528, 280, 281, 563, 462, 284, 285, 286, 492, 647, 514, 522, 291, 446, 293, 294, 445, 444, 297, 343, 299, 499, 442, 302, 303, 304, 305, 306, 307, 247, 440, 483, 311, 312, 313, 314, 315, 435, 317, 318, 434, 488, 321, 612, 430, 275, 531, 428, 424, 422, 329, 330, 420, 332, 391, 334, 116, 336, 558, 338, 416, 261, 341, 342, 520, 344, 459, 224, 240, 348, 364, 350, 413, 352, 519, 234, 407, 151, 357, 358, 282, 460, 361, 335, 174, 640, 404, 403, 453, 644, 575, 399, 371, 372, 373, 431, 375, 376, 398, 423, 379, 658, 381, 382, 383, 384, 385, 11, 516, 396, 389, 390, 536, 436, 393, 394, 482]
Epoch
21
Epoch time
5.139030933380127
Epoch 21, Loss 0.01981065964634278
Epoch
22
Epoch time
5.1432647705078125
Epoch 22, Loss 0.019610057123051472
Epoch
23
Epoch time
5.1596081256866455
Epoch 23, Loss 0.017851642329357372
Epoch
24
Epoch time
5.0857884883880615
Epoch 24, Loss 0.018160756962115557
Epoch
25
Epoch time
5.114595651626587
Epoch 25, Loss 0.018760039412397116
Epoch
26
Epoch time
5.035334587097168
Epoch 26, Loss 0.017728514405534954
Epoch
27
Epoch time
4.998899936676025
Epoch 27, Loss 0.017559199230854573
Epoch
28
Epoch time
5.016711711883545
Epoch 28, Loss 0.018598524490953422
Epoch
29
Epoch time
5.017616033554077
Epoch 29, Loss 0.013865618252081428
Epoch
30
Epoch time
5.077661752700806
Epoch 30, Loss 0.015116391122871088
Epoch
31
Epoch time
5.010469436645508
Epoch 31, Loss 0.014072639308499977
Epoch
32
Epoch time
5.015998125076294
Epoch 32, Loss 0.015053041053937097
Epoch
33
Epoch time
5.018591403961182
Epoch 33, Loss 0.014629738324567067
Epoch
34
Epoch time
5.036945343017578
Epoch 34, Loss 0.013918849139460386
Epoch
35
Epoch time
5.067131280899048
Epoch 35, Loss 0.014036563097794594
Epoch
36
Epoch time
5.062203884124756
Epoch 36, Loss 0.01441406953941017
Epoch
37
Epoch time
5.026003837585449
Epoch 37, Loss 0.013345703679538018
Epoch
38
Epoch time
5.008567571640015
Epoch 38, Loss 0.014102742194930518
Epoch
39
Epoch time
5.016047954559326
Epoch 39, Loss 0.012839978506872286
Epoch
40
Epoch time
566.918851852417
Epoch 40, Loss 0.012526033038943752
Epoch 40
Selections count 396
Selections(Epoch, batch)
[(40, 0), (40, 1), (40, 2), (40, 3), (40, 4), (40, 5), (40, 6), (40, 7), (40, 380), (40, 387), (40, 10), (40, 540), (40, 542), (40, 657), (40, 468), (40, 652), (40, 651), (40, 635), (40, 452), (40, 633), (40, 20), (40, 21), (40, 626), (40, 23), (40, 24), (40, 448), (40, 26), (40, 487), (40, 625), (40, 632), (40, 30), (40, 31), (40, 32), (40, 621), (40, 34), (40, 530), (40, 36), (40, 37), (40, 622), (40, 617), (40, 40), (40, 41), (40, 42), (40, 619), (40, 44), (40, 45), (40, 46), (40, 47), (40, 642), (40, 603), (40, 50), (40, 51), (40, 52), (40, 53), (40, 439), (40, 459), (40, 56), (40, 57), (40, 58), (40, 59), (40, 591), (40, 590), (40, 62), (40, 63), (40, 64), (40, 588), (40, 66), (40, 67), (40, 68), (40, 586), (40, 70), (40, 360), (40, 72), (40, 73), (40, 74), (40, 378), (40, 76), (40, 77), (40, 78), (40, 79), (40, 80), (40, 81), (40, 82), (40, 83), (40, 84), (40, 85), (40, 86), (40, 87), (40, 88), (40, 613), (40, 90), (40, 91), (40, 92), (40, 579), (40, 94), (40, 95), (40, 574), (40, 659), (40, 98), (40, 99), (40, 100), (40, 572), (40, 421), (40, 103), (40, 569), (40, 105), (40, 106), (40, 578), (40, 649), (40, 458), (40, 567), (40, 595), (40, 374), (40, 113), (40, 369), (40, 115), (40, 565), (40, 117), (40, 118), (40, 573), (40, 362), (40, 121), (40, 122), (40, 123), (40, 124), (40, 601), (40, 584), (40, 560), (40, 351), (40, 129), (40, 130), (40, 131), (40, 557), (40, 133), (40, 134), (40, 135), (40, 136), (40, 137), (40, 580), (40, 571), (40, 140), (40, 554), (40, 553), (40, 637), (40, 568), (40, 145), (40, 146), (40, 147), (40, 148), (40, 13), (40, 150), (40, 460), (40, 152), (40, 545), (40, 154), (40, 582), (40, 156), (40, 157), (40, 604), (40, 556), (40, 160), (40, 593), (40, 162), (40, 163), (40, 164), (40, 457), (40, 166), (40, 547), (40, 168), (40, 539), (40, 170), (40, 171), (40, 541), (40, 607), (40, 538), (40, 581), (40, 535), (40, 177), (40, 178), (40, 179), (40, 180), (40, 181), (40, 525), (40, 183), (40, 521), (40, 518), (40, 512), (40, 616), (40, 600), (40, 189), (40, 190), (40, 583), (40, 192), (40, 193), (40, 194), (40, 195), (40, 196), (40, 197), (40, 523), (40, 505), (40, 502), (40, 513), (40, 202), (40, 585), (40, 498), (40, 205), (40, 206), (40, 500), (40, 552), (40, 209), (40, 210), (40, 211), (40, 212), (40, 213), (40, 214), (40, 587), (40, 496), (40, 494), (40, 493), (40, 219), (40, 220), (40, 221), (40, 489), (40, 223), (40, 485), (40, 225), (40, 367), (40, 132), (40, 228), (40, 229), (40, 230), (40, 231), (40, 484), (40, 233), (40, 480), (40, 235), (40, 645), (40, 409), (40, 238), (40, 239), (40, 477), (40, 473), (40, 386), (40, 243), (40, 597), (40, 503), (40, 246), (40, 614), (40, 248), (40, 249), (40, 250), (40, 534), (40, 470), (40, 253), (40, 450), (40, 255), (40, 467), (40, 257), (40, 258), (40, 507), (40, 260), (40, 532), (40, 463), (40, 461), (40, 264), (40, 265), (40, 436), (40, 267), (40, 465), (40, 269), (40, 114), (40, 508), (40, 272), (40, 273), (40, 634), (40, 548), (40, 464), (40, 277), (40, 278), (40, 528), (40, 280), (40, 281), (40, 563), (40, 462), (40, 284), (40, 285), (40, 286), (40, 492), (40, 647), (40, 514), (40, 38), (40, 415), (40, 446), (40, 293), (40, 294), (40, 445), (40, 444), (40, 297), (40, 343), (40, 299), (40, 499), (40, 442), (40, 302), (40, 303), (40, 304), (40, 305), (40, 306), (40, 307), (40, 242), (40, 440), (40, 483), (40, 311), (40, 312), (40, 313), (40, 314), (40, 315), (40, 435), (40, 629), (40, 318), (40, 434), (40, 149), (40, 656), (40, 612), (40, 430), (40, 275), (40, 531), (40, 428), (40, 424), (40, 422), (40, 329), (40, 330), (40, 420), (40, 332), (40, 391), (40, 334), (40, 577), (40, 631), (40, 472), (40, 338), (40, 416), (40, 261), (40, 570), (40, 342), (40, 639), (40, 344), (40, 336), (40, 224), (40, 358), (40, 348), (40, 364), (40, 350), (40, 413), (40, 352), (40, 408), (40, 234), (40, 407), (40, 151), (40, 357), (40, 161), (40, 282), (40, 406), (40, 361), (40, 335), (40, 174), (40, 640), (40, 404), (40, 558), (40, 453), (40, 447), (40, 575), (40, 399), (40, 371), (40, 372), (40, 373), (40, 431), (40, 375), (40, 376), (40, 398), (40, 423), (40, 379), (40, 658), (40, 381), (40, 382), (40, 191), (40, 384), (40, 385), (40, 11), (40, 516), (40, 655), (40, 389), (40, 390), (40, 536), (40, 529), (40, 393), (40, 394), (40, 482)]
Residuals
[7.547109926553692e-16, 5.654807190680592e-16, 9.520342906762082e-16]
40
[0, 1, 2, 3, 4, 5, 6, 7, 380, 387, 10, 540, 542, 657, 468, 652, 651, 635, 452, 633, 20, 21, 626, 23, 24, 448, 26, 487, 625, 632, 30, 31, 32, 621, 34, 530, 36, 37, 622, 617, 40, 41, 42, 619, 44, 45, 46, 47, 642, 603, 50, 51, 52, 53, 439, 459, 56, 57, 58, 59, 591, 590, 62, 63, 64, 588, 66, 67, 68, 586, 70, 360, 72, 73, 74, 378, 76, 77, 78, 79, 80, 81, 82, 83, 84, 85, 86, 87, 88, 613, 90, 91, 92, 579, 94, 95, 574, 659, 98, 99, 100, 572, 421, 103, 569, 105, 106, 578, 649, 458, 567, 595, 374, 113, 369, 115, 565, 117, 118, 573, 362, 121, 122, 123, 124, 601, 584, 560, 351, 129, 130, 131, 557, 133, 134, 135, 136, 137, 580, 571, 140, 554, 553, 637, 568, 145, 146, 147, 148, 13, 150, 460, 152, 545, 154, 582, 156, 157, 604, 556, 160, 593, 162, 163, 164, 457, 166, 547, 168, 539, 170, 171, 541, 607, 538, 581, 535, 177, 178, 179, 180, 181, 525, 183, 521, 518, 512, 616, 600, 189, 190, 583, 192, 193, 194, 195, 196, 197, 523, 505, 502, 513, 202, 585, 498, 205, 206, 500, 552, 209, 210, 211, 212, 213, 214, 587, 496, 494, 493, 219, 220, 221, 489, 223, 485, 225, 367, 132, 228, 229, 230, 231, 484, 233, 480, 235, 645, 409, 238, 239, 477, 473, 386, 243, 597, 503, 246, 614, 248, 249, 250, 534, 470, 253, 450, 255, 467, 257, 258, 507, 260, 532, 463, 461, 264, 265, 436, 267, 465, 269, 114, 508, 272, 273, 634, 548, 464, 277, 278, 528, 280, 281, 563, 462, 284, 285, 286, 492, 647, 514, 38, 415, 446, 293, 294, 445, 444, 297, 343, 299, 499, 442, 302, 303, 304, 305, 306, 307, 242, 440, 483, 311, 312, 313, 314, 315, 435, 629, 318, 434, 149, 656, 612, 430, 275, 531, 428, 424, 422, 329, 330, 420, 332, 391, 334, 577, 631, 472, 338, 416, 261, 570, 342, 639, 344, 336, 224, 358, 348, 364, 350, 413, 352, 408, 234, 407, 151, 357, 161, 282, 406, 361, 335, 174, 640, 404, 558, 453, 447, 575, 399, 371, 372, 373, 431, 375, 376, 398, 423, 379, 658, 381, 382, 191, 384, 385, 11, 516, 655, 389, 390, 536, 529, 393, 394, 482]
Epoch
41
Epoch time
5.138986349105835
Epoch 41, Loss 0.011856166665308289
Epoch
42
Epoch time
5.00901460647583
Epoch 42, Loss 0.01177145671030587
Epoch
43
Epoch time
5.045593976974487
Epoch 43, Loss 0.011107899576465267
Epoch
44
Epoch time
5.040506601333618
Epoch 44, Loss 0.010303304114704587
Epoch
45
Epoch time
5.143705606460571
Epoch 45, Loss 0.010602631175159635
Epoch
46
Epoch time
5.069092035293579
Epoch 46, Loss 0.011170798370420319
Epoch
47
Epoch time
5.059265613555908
Epoch 47, Loss 0.011232808600884709
Epoch
48
Epoch time
5.123592138290405
Epoch 48, Loss 0.011104446947956603
Epoch
49
Epoch time
5.104918956756592
Epoch 49, Loss 0.009045229174337237
Epoch
50
Epoch time
5.117872714996338
Epoch 50, Loss 0.00899831935814935
Epoch
51
Epoch time
5.0847203731536865
Epoch 51, Loss 0.010487926554775791
Epoch
52
Epoch time
5.078943252563477
Epoch 52, Loss 0.009518982060033826
Epoch
53
Epoch time
5.0759117603302
Epoch 53, Loss 0.009130023635681633
Epoch
54
Epoch time
5.078991413116455
Epoch 54, Loss 0.010785328964205594
Epoch
55
Epoch time
5.124141693115234
Epoch 55, Loss 0.01002806901759186
Epoch
56
Epoch time
5.044368505477905
Epoch 56, Loss 0.00915761511865502
Epoch
57
Epoch time
5.04150652885437
Epoch 57, Loss 0.00927994307301636
Epoch
58
Epoch time
5.04862642288208
Epoch 58, Loss 0.00867580205982146
Epoch
59
Epoch time
5.064038038253784
Epoch 59, Loss 0.007806942787305313
Epoch
60
Epoch time
567.5998003482819
Epoch 60, Loss 0.008174611154963476
Epoch 60
Selections count 396
Selections(Epoch, batch)
[(60, 0), (60, 1), (60, 2), (60, 3), (60, 4), (60, 5), (60, 6), (60, 654), (60, 380), (60, 387), (60, 10), (60, 540), (60, 641), (60, 657), (60, 515), (60, 652), (60, 651), (60, 635), (60, 452), (60, 633), (60, 20), (60, 21), (60, 626), (60, 23), (60, 24), (60, 448), (60, 26), (60, 487), (60, 625), (60, 632), (60, 30), (60, 31), (60, 32), (60, 621), (60, 34), (60, 543), (60, 36), (60, 37), (60, 622), (60, 617), (60, 564), (60, 41), (60, 42), (60, 619), (60, 44), (60, 45), (60, 46), (60, 47), (60, 642), (60, 603), (60, 50), (60, 51), (60, 52), (60, 53), (60, 606), (60, 459), (60, 56), (60, 57), (60, 58), (60, 59), (60, 591), (60, 590), (60, 62), (60, 63), (60, 64), (60, 588), (60, 66), (60, 67), (60, 68), (60, 586), (60, 70), (60, 360), (60, 72), (60, 73), (60, 74), (60, 378), (60, 76), (60, 77), (60, 78), (60, 79), (60, 80), (60, 81), (60, 82), (60, 83), (60, 84), (60, 85), (60, 86), (60, 87), (60, 88), (60, 613), (60, 90), (60, 91), (60, 520), (60, 579), (60, 509), (60, 95), (60, 574), (60, 659), (60, 639), (60, 99), (60, 100), (60, 572), (60, 421), (60, 103), (60, 569), (60, 105), (60, 106), (60, 578), (60, 649), (60, 478), (60, 567), (60, 565), (60, 386), (60, 113), (60, 369), (60, 115), (60, 475), (60, 117), (60, 118), (60, 289), (60, 362), (60, 522), (60, 122), (60, 123), (60, 124), (60, 601), (60, 584), (60, 560), (60, 351), (60, 129), (60, 130), (60, 131), (60, 557), (60, 133), (60, 134), (60, 135), (60, 136), (60, 137), (60, 288), (60, 580), (60, 140), (60, 554), (60, 553), (60, 637), (60, 568), (60, 145), (60, 146), (60, 147), (60, 148), (60, 13), (60, 150), (60, 460), (60, 152), (60, 545), (60, 154), (60, 240), (60, 396), (60, 157), (60, 604), (60, 556), (60, 160), (60, 593), (60, 162), (60, 163), (60, 164), (60, 457), (60, 166), (60, 547), (60, 168), (60, 539), (60, 170), (60, 171), (60, 541), (60, 607), (60, 538), (60, 349), (60, 535), (60, 177), (60, 178), (60, 179), (60, 180), (60, 181), (60, 525), (60, 183), (60, 521), (60, 518), (60, 512), (60, 270), (60, 600), (60, 189), (60, 190), (60, 583), (60, 192), (60, 193), (60, 194), (60, 195), (60, 196), (60, 197), (60, 523), (60, 505), (60, 502), (60, 513), (60, 202), (60, 581), (60, 498), (60, 205), (60, 519), (60, 500), (60, 552), (60, 209), (60, 210), (60, 211), (60, 212), (60, 213), (60, 214), (60, 208), (60, 496), (60, 494), (60, 493), (60, 219), (60, 220), (60, 221), (60, 489), (60, 223), (60, 485), (60, 225), (60, 367), (60, 383), (60, 228), (60, 229), (60, 230), (60, 231), (60, 484), (60, 233), (60, 480), (60, 235), (60, 645), (60, 409), (60, 238), (60, 239), (60, 477), (60, 473), (60, 447), (60, 243), (60, 597), (60, 503), (60, 246), (60, 648), (60, 248), (60, 249), (60, 250), (60, 534), (60, 470), (60, 253), (60, 450), (60, 255), (60, 467), (60, 257), (60, 258), (60, 320), (60, 260), (60, 532), (60, 463), (60, 461), (60, 264), (60, 265), (60, 481), (60, 267), (60, 465), (60, 269), (60, 114), (60, 508), (60, 272), (60, 273), (60, 634), (60, 548), (60, 464), (60, 277), (60, 278), (60, 528), (60, 280), (60, 281), (60, 563), (60, 462), (60, 284), (60, 285), (60, 286), (60, 492), (60, 647), (60, 514), (60, 236), (60, 321), (60, 446), (60, 293), (60, 616), (60, 445), (60, 444), (60, 297), (60, 343), (60, 299), (60, 499), (60, 442), (60, 302), (60, 303), (60, 304), (60, 305), (60, 306), (60, 307), (60, 242), (60, 440), (60, 483), (60, 311), (60, 312), (60, 313), (60, 314), (60, 315), (60, 435), (60, 128), (60, 318), (60, 434), (60, 577), (60, 97), (60, 612), (60, 430), (60, 275), (60, 531), (60, 428), (60, 424), (60, 422), (60, 329), (60, 330), (60, 420), (60, 332), (60, 391), (60, 334), (60, 656), (60, 646), (60, 472), (60, 338), (60, 416), (60, 261), (60, 653), (60, 342), (60, 184), (60, 344), (60, 336), (60, 224), (60, 358), (60, 348), (60, 364), (60, 350), (60, 413), (60, 352), (60, 408), (60, 234), (60, 407), (60, 614), (60, 357), (60, 165), (60, 282), (60, 406), (60, 361), (60, 335), (60, 107), (60, 640), (60, 404), (60, 558), (60, 453), (60, 341), (60, 575), (60, 399), (60, 371), (60, 372), (60, 373), (60, 431), (60, 375), (60, 376), (60, 398), (60, 423), (60, 379), (60, 658), (60, 381), (60, 382), (60, 456), (60, 466), (60, 385), (60, 11), (60, 516), (60, 437), (60, 389), (60, 390), (60, 536), (60, 529), (60, 393), (60, 394), (60, 482)]
Residuals
[7.547109926553692e-16, 5.654807190680592e-16, 9.520342906762082e-16, 6.696921676860847e-16]
60
[0, 1, 2, 3, 4, 5, 6, 654, 380, 387, 10, 540, 641, 657, 515, 652, 651, 635, 452, 633, 20, 21, 626, 23, 24, 448, 26, 487, 625, 632, 30, 31, 32, 621, 34, 543, 36, 37, 622, 617, 564, 41, 42, 619, 44, 45, 46, 47, 642, 603, 50, 51, 52, 53, 606, 459, 56, 57, 58, 59, 591, 590, 62, 63, 64, 588, 66, 67, 68, 586, 70, 360, 72, 73, 74, 378, 76, 77, 78, 79, 80, 81, 82, 83, 84, 85, 86, 87, 88, 613, 90, 91, 520, 579, 509, 95, 574, 659, 639, 99, 100, 572, 421, 103, 569, 105, 106, 578, 649, 478, 567, 565, 386, 113, 369, 115, 475, 117, 118, 289, 362, 522, 122, 123, 124, 601, 584, 560, 351, 129, 130, 131, 557, 133, 134, 135, 136, 137, 288, 580, 140, 554, 553, 637, 568, 145, 146, 147, 148, 13, 150, 460, 152, 545, 154, 240, 396, 157, 604, 556, 160, 593, 162, 163, 164, 457, 166, 547, 168, 539, 170, 171, 541, 607, 538, 349, 535, 177, 178, 179, 180, 181, 525, 183, 521, 518, 512, 270, 600, 189, 190, 583, 192, 193, 194, 195, 196, 197, 523, 505, 502, 513, 202, 581, 498, 205, 519, 500, 552, 209, 210, 211, 212, 213, 214, 208, 496, 494, 493, 219, 220, 221, 489, 223, 485, 225, 367, 383, 228, 229, 230, 231, 484, 233, 480, 235, 645, 409, 238, 239, 477, 473, 447, 243, 597, 503, 246, 648, 248, 249, 250, 534, 470, 253, 450, 255, 467, 257, 258, 320, 260, 532, 463, 461, 264, 265, 481, 267, 465, 269, 114, 508, 272, 273, 634, 548, 464, 277, 278, 528, 280, 281, 563, 462, 284, 285, 286, 492, 647, 514, 236, 321, 446, 293, 616, 445, 444, 297, 343, 299, 499, 442, 302, 303, 304, 305, 306, 307, 242, 440, 483, 311, 312, 313, 314, 315, 435, 128, 318, 434, 577, 97, 612, 430, 275, 531, 428, 424, 422, 329, 330, 420, 332, 391, 334, 656, 646, 472, 338, 416, 261, 653, 342, 184, 344, 336, 224, 358, 348, 364, 350, 413, 352, 408, 234, 407, 614, 357, 165, 282, 406, 361, 335, 107, 640, 404, 558, 453, 341, 575, 399, 371, 372, 373, 431, 375, 376, 398, 423, 379, 658, 381, 382, 456, 466, 385, 11, 516, 437, 389, 390, 536, 529, 393, 394, 482]
Epoch
61
Epoch time
5.17332124710083
Epoch 61, Loss 0.007861979028373298
Epoch
62
Epoch time
5.0552263259887695
Epoch 62, Loss 0.008135224019944947
Epoch
63
Epoch time
5.023122787475586
Epoch 63, Loss 0.009129696246331302
Epoch
64
Epoch time
5.003300189971924
Epoch 64, Loss 0.008448067282765806
Epoch
65
Epoch time
5.0816121101379395
Epoch 65, Loss 0.00694194941767743
Epoch
66
Epoch time
5.00337290763855
Epoch 66, Loss 0.008030681154407375
Epoch
67
Epoch time
5.0171496868133545
Epoch 67, Loss 0.009783777905272472
Epoch
68
Epoch time
5.025560617446899
Epoch 68, Loss 0.008289527783942959
Epoch
69
Epoch time
5.01045036315918
Epoch 69, Loss 0.008278703466832743
Epoch
70
Epoch time
5.081126689910889
Epoch 70, Loss 0.008927192054457767
Epoch
71
Epoch time
5.015087127685547
Epoch 71, Loss 0.0068128495946227
Epoch
72
Epoch time
5.017985105514526
Epoch 72, Loss 0.008261181176183073
Epoch
73
Epoch time
5.040694952011108
Epoch 73, Loss 0.006923595509562119
Epoch
74
Epoch time
5.0545525550842285
Epoch 74, Loss 0.006484138450880058
Epoch
75
Epoch time
5.073295593261719
Epoch 75, Loss 0.007269291537746767
Epoch
76
Epoch time
5.009197473526001
Epoch 76, Loss 0.007611497069424047
Epoch
77
Epoch time
5.013670206069946
Epoch 77, Loss 0.006164702740673439
Epoch
78
Epoch time
5.017808198928833
Epoch 78, Loss 0.0068925271497901975
Epoch
79
Epoch time
5.011787176132202
Epoch 79, Loss 0.00664142879741424
Epoch
80
Epoch time
565.6846582889557
Epoch 80, Loss 0.006701427231140732
Epoch 80
Selections count 396
Selections(Epoch, batch)
[(80, 0), (80, 1), (80, 2), (80, 3), (80, 4), (80, 5), (80, 6), (80, 654), (80, 380), (80, 387), (80, 10), (80, 540), (80, 641), (80, 657), (80, 515), (80, 652), (80, 651), (80, 635), (80, 452), (80, 633), (80, 20), (80, 21), (80, 626), (80, 23), (80, 24), (80, 448), (80, 26), (80, 487), (80, 625), (80, 632), (80, 30), (80, 31), (80, 32), (80, 621), (80, 34), (80, 543), (80, 36), (80, 37), (80, 622), (80, 617), (80, 564), (80, 41), (80, 42), (80, 619), (80, 44), (80, 45), (80, 46), (80, 47), (80, 642), (80, 603), (80, 50), (80, 51), (80, 52), (80, 53), (80, 606), (80, 459), (80, 56), (80, 57), (80, 58), (80, 59), (80, 591), (80, 590), (80, 62), (80, 63), (80, 64), (80, 588), (80, 66), (80, 67), (80, 68), (80, 586), (80, 70), (80, 360), (80, 72), (80, 73), (80, 74), (80, 378), (80, 76), (80, 77), (80, 78), (80, 79), (80, 80), (80, 81), (80, 82), (80, 83), (80, 84), (80, 85), (80, 86), (80, 87), (80, 88), (80, 613), (80, 90), (80, 91), (80, 520), (80, 579), (80, 509), (80, 95), (80, 574), (80, 659), (80, 639), (80, 99), (80, 100), (80, 572), (80, 421), (80, 103), (80, 569), (80, 105), (80, 106), (80, 578), (80, 649), (80, 478), (80, 567), (80, 565), (80, 386), (80, 113), (80, 369), (80, 115), (80, 475), (80, 117), (80, 118), (80, 289), (80, 362), (80, 522), (80, 122), (80, 123), (80, 124), (80, 601), (80, 347), (80, 560), (80, 351), (80, 129), (80, 130), (80, 131), (80, 557), (80, 133), (80, 134), (80, 135), (80, 136), (80, 137), (80, 644), (80, 580), (80, 140), (80, 554), (80, 553), (80, 637), (80, 568), (80, 145), (80, 146), (80, 147), (80, 148), (80, 13), (80, 150), (80, 460), (80, 354), (80, 545), (80, 154), (80, 240), (80, 396), (80, 157), (80, 604), (80, 556), (80, 160), (80, 593), (80, 162), (80, 163), (80, 164), (80, 457), (80, 166), (80, 547), (80, 168), (80, 539), (80, 170), (80, 171), (80, 541), (80, 355), (80, 538), (80, 524), (80, 535), (80, 177), (80, 178), (80, 179), (80, 180), (80, 181), (80, 525), (80, 183), (80, 521), (80, 518), (80, 512), (80, 511), (80, 600), (80, 189), (80, 190), (80, 583), (80, 192), (80, 193), (80, 194), (80, 195), (80, 196), (80, 197), (80, 523), (80, 505), (80, 502), (80, 513), (80, 202), (80, 609), (80, 498), (80, 205), (80, 484), (80, 500), (80, 552), (80, 209), (80, 210), (80, 211), (80, 212), (80, 213), (80, 214), (80, 415), (80, 496), (80, 494), (80, 493), (80, 219), (80, 220), (80, 221), (80, 489), (80, 223), (80, 485), (80, 504), (80, 367), (80, 383), (80, 228), (80, 229), (80, 230), (80, 231), (80, 481), (80, 233), (80, 480), (80, 410), (80, 645), (80, 655), (80, 238), (80, 239), (80, 466), (80, 473), (80, 408), (80, 243), (80, 597), (80, 503), (80, 406), (80, 161), (80, 294), (80, 249), (80, 250), (80, 534), (80, 470), (80, 253), (80, 156), (80, 255), (80, 467), (80, 257), (80, 258), (80, 320), (80, 260), (80, 532), (80, 463), (80, 461), (80, 264), (80, 265), (80, 256), (80, 267), (80, 465), (80, 269), (80, 507), (80, 508), (80, 272), (80, 273), (80, 634), (80, 548), (80, 464), (80, 277), (80, 278), (80, 528), (80, 280), (80, 281), (80, 563), (80, 462), (80, 284), (80, 285), (80, 286), (80, 492), (80, 647), (80, 514), (80, 236), (80, 321), (80, 446), (80, 293), (80, 151), (80, 445), (80, 444), (80, 297), (80, 391), (80, 299), (80, 499), (80, 442), (80, 302), (80, 303), (80, 304), (80, 305), (80, 306), (80, 307), (80, 242), (80, 440), (80, 483), (80, 311), (80, 656), (80, 313), (80, 314), (80, 315), (80, 435), (80, 149), (80, 318), (80, 434), (80, 577), (80, 97), (80, 612), (80, 430), (80, 275), (80, 531), (80, 428), (80, 424), (80, 422), (80, 329), (80, 330), (80, 420), (80, 332), (80, 616), (80, 334), (80, 653), (80, 646), (80, 595), (80, 338), (80, 416), (80, 261), (80, 206), (80, 342), (80, 7), (80, 344), (80, 628), (80, 224), (80, 358), (80, 348), (80, 291), (80, 350), (80, 413), (80, 352), (80, 436), (80, 234), (80, 407), (80, 472), (80, 357), (80, 336), (80, 282), (80, 384), (80, 614), (80, 335), (80, 174), (80, 640), (80, 404), (80, 558), (80, 453), (80, 266), (80, 575), (80, 399), (80, 371), (80, 372), (80, 373), (80, 431), (80, 375), (80, 376), (80, 398), (80, 423), (80, 379), (80, 658), (80, 381), (80, 382), (80, 132), (80, 92), (80, 385), (80, 11), (80, 516), (80, 437), (80, 389), (80, 390), (80, 536), (80, 529), (80, 393), (80, 394), (80, 482)]
Residuals
[7.547109926553692e-16, 5.654807190680592e-16, 9.520342906762082e-16, 6.696921676860847e-16, 8.679520260691176e-16]
80
[0, 1, 2, 3, 4, 5, 6, 654, 380, 387, 10, 540, 641, 657, 515, 652, 651, 635, 452, 633, 20, 21, 626, 23, 24, 448, 26, 487, 625, 632, 30, 31, 32, 621, 34, 543, 36, 37, 622, 617, 564, 41, 42, 619, 44, 45, 46, 47, 642, 603, 50, 51, 52, 53, 606, 459, 56, 57, 58, 59, 591, 590, 62, 63, 64, 588, 66, 67, 68, 586, 70, 360, 72, 73, 74, 378, 76, 77, 78, 79, 80, 81, 82, 83, 84, 85, 86, 87, 88, 613, 90, 91, 520, 579, 509, 95, 574, 659, 639, 99, 100, 572, 421, 103, 569, 105, 106, 578, 649, 478, 567, 565, 386, 113, 369, 115, 475, 117, 118, 289, 362, 522, 122, 123, 124, 601, 347, 560, 351, 129, 130, 131, 557, 133, 134, 135, 136, 137, 644, 580, 140, 554, 553, 637, 568, 145, 146, 147, 148, 13, 150, 460, 354, 545, 154, 240, 396, 157, 604, 556, 160, 593, 162, 163, 164, 457, 166, 547, 168, 539, 170, 171, 541, 355, 538, 524, 535, 177, 178, 179, 180, 181, 525, 183, 521, 518, 512, 511, 600, 189, 190, 583, 192, 193, 194, 195, 196, 197, 523, 505, 502, 513, 202, 609, 498, 205, 484, 500, 552, 209, 210, 211, 212, 213, 214, 415, 496, 494, 493, 219, 220, 221, 489, 223, 485, 504, 367, 383, 228, 229, 230, 231, 481, 233, 480, 410, 645, 655, 238, 239, 466, 473, 408, 243, 597, 503, 406, 161, 294, 249, 250, 534, 470, 253, 156, 255, 467, 257, 258, 320, 260, 532, 463, 461, 264, 265, 256, 267, 465, 269, 507, 508, 272, 273, 634, 548, 464, 277, 278, 528, 280, 281, 563, 462, 284, 285, 286, 492, 647, 514, 236, 321, 446, 293, 151, 445, 444, 297, 391, 299, 499, 442, 302, 303, 304, 305, 306, 307, 242, 440, 483, 311, 656, 313, 314, 315, 435, 149, 318, 434, 577, 97, 612, 430, 275, 531, 428, 424, 422, 329, 330, 420, 332, 616, 334, 653, 646, 595, 338, 416, 261, 206, 342, 7, 344, 628, 224, 358, 348, 291, 350, 413, 352, 436, 234, 407, 472, 357, 336, 282, 384, 614, 335, 174, 640, 404, 558, 453, 266, 575, 399, 371, 372, 373, 431, 375, 376, 398, 423, 379, 658, 381, 382, 132, 92, 385, 11, 516, 437, 389, 390, 536, 529, 393, 394, 482]
Epoch
81
Epoch time
5.115680456161499
Epoch 81, Loss 0.0069349853613164215
Epoch
82
Epoch time
5.028982162475586
Epoch 82, Loss 0.006163436666741404
Epoch
83
Epoch time
5.00587010383606
Epoch 83, Loss 0.006354961282122341
Epoch
84
Epoch time
5.009263038635254
Epoch 84, Loss 0.007683552383604706
Epoch
85
Epoch time
5.073029279708862
Epoch 85, Loss 0.0066479476470438685
Epoch
86
Epoch time
5.038372039794922
Epoch 86, Loss 0.0067873457778971635
Epoch
87
Epoch time
5.0619797706604
Epoch 87, Loss 0.00566963354597533
Epoch
88
Epoch time
5.03080415725708
Epoch 88, Loss 0.006838813126152369
Epoch
89
Epoch time
5.019813299179077
Epoch 89, Loss 0.006534084990912371
Epoch
90
Epoch time
5.084518909454346
Epoch 90, Loss 0.006427806827726267
Epoch
91
Epoch time
5.023013353347778
Epoch 91, Loss 0.0061042166024882745
Epoch
92
Epoch time
5.02922797203064
Epoch 92, Loss 0.005423125049280202
Epoch
93
Epoch time
5.019519329071045
Epoch 93, Loss 0.005731200315127296
Epoch
94
Epoch time
5.027547121047974
Epoch 94, Loss 0.005130932927114884
Epoch
95
Epoch time
5.092731237411499
Epoch 95, Loss 0.005777886618712576
Epoch
96
Epoch time
5.022501230239868
Epoch 96, Loss 0.0046371699534211545
Epoch
97
Epoch time
5.022960662841797
Epoch 97, Loss 0.005741014879042912
Epoch
98
Epoch time
5.040800094604492
Epoch 98, Loss 0.005174337683576671
Epoch
99
Epoch time
5.038144588470459
Epoch 99, Loss 0.006170410510332355
Epoch
100
Epoch time
567.6597452163696
Epoch 100, Loss 0.005891339908531137
Epoch 100
Selections count 396
Selections(Epoch, batch)
[(100, 0), (100, 1), (100, 2), (100, 3), (100, 4), (100, 5), (100, 6), (100, 654), (100, 380), (100, 387), (100, 10), (100, 540), (100, 641), (100, 657), (100, 515), (100, 652), (100, 651), (100, 635), (100, 452), (100, 633), (100, 20), (100, 21), (100, 626), (100, 23), (100, 24), (100, 448), (100, 26), (100, 487), (100, 625), (100, 632), (100, 30), (100, 31), (100, 32), (100, 621), (100, 34), (100, 543), (100, 36), (100, 37), (100, 622), (100, 617), (100, 564), (100, 41), (100, 42), (100, 619), (100, 44), (100, 45), (100, 46), (100, 47), (100, 642), (100, 603), (100, 50), (100, 51), (100, 52), (100, 53), (100, 606), (100, 459), (100, 56), (100, 57), (100, 58), (100, 59), (100, 591), (100, 590), (100, 62), (100, 63), (100, 64), (100, 588), (100, 66), (100, 67), (100, 68), (100, 586), (100, 70), (100, 360), (100, 72), (100, 73), (100, 74), (100, 378), (100, 76), (100, 77), (100, 78), (100, 79), (100, 80), (100, 81), (100, 82), (100, 83), (100, 84), (100, 85), (100, 86), (100, 87), (100, 88), (100, 613), (100, 90), (100, 91), (100, 520), (100, 579), (100, 509), (100, 95), (100, 574), (100, 659), (100, 639), (100, 99), (100, 100), (100, 572), (100, 421), (100, 103), (100, 569), (100, 105), (100, 106), (100, 578), (100, 649), (100, 478), (100, 567), (100, 565), (100, 386), (100, 113), (100, 369), (100, 115), (100, 475), (100, 117), (100, 118), (100, 289), (100, 362), (100, 522), (100, 122), (100, 123), (100, 124), (100, 601), (100, 347), (100, 560), (100, 351), (100, 129), (100, 130), (100, 131), (100, 557), (100, 133), (100, 134), (100, 135), (100, 136), (100, 137), (100, 644), (100, 580), (100, 140), (100, 554), (100, 553), (100, 637), (100, 568), (100, 145), (100, 146), (100, 147), (100, 148), (100, 13), (100, 150), (100, 447), (100, 354), (100, 545), (100, 154), (100, 240), (100, 396), (100, 157), (100, 604), (100, 556), (100, 160), (100, 593), (100, 162), (100, 163), (100, 164), (100, 457), (100, 166), (100, 547), (100, 168), (100, 539), (100, 170), (100, 171), (100, 541), (100, 355), (100, 538), (100, 301), (100, 535), (100, 177), (100, 178), (100, 179), (100, 180), (100, 181), (100, 525), (100, 183), (100, 521), (100, 518), (100, 512), (100, 511), (100, 600), (100, 189), (100, 190), (100, 583), (100, 192), (100, 193), (100, 194), (100, 195), (100, 196), (100, 197), (100, 523), (100, 505), (100, 502), (100, 469), (100, 602), (100, 349), (100, 498), (100, 205), (100, 615), (100, 500), (100, 552), (100, 209), (100, 210), (100, 211), (100, 212), (100, 213), (100, 214), (100, 646), (100, 496), (100, 494), (100, 493), (100, 219), (100, 220), (100, 221), (100, 489), (100, 223), (100, 485), (100, 248), (100, 367), (100, 266), (100, 228), (100, 612), (100, 230), (100, 231), (100, 327), (100, 233), (100, 480), (100, 410), (100, 645), (100, 655), (100, 238), (100, 239), (100, 116), (100, 473), (100, 343), (100, 107), (100, 597), (100, 503), (100, 458), (100, 161), (100, 294), (100, 249), (100, 250), (100, 534), (100, 412), (100, 253), (100, 156), (100, 255), (100, 467), (100, 257), (100, 258), (100, 320), (100, 260), (100, 532), (100, 463), (100, 461), (100, 264), (100, 265), (100, 256), (100, 267), (100, 465), (100, 269), (100, 507), (100, 508), (100, 272), (100, 273), (100, 634), (100, 548), (100, 464), (100, 277), (100, 278), (100, 528), (100, 280), (100, 281), (100, 563), (100, 599), (100, 284), (100, 285), (100, 286), (100, 492), (100, 647), (100, 514), (100, 236), (100, 321), (100, 446), (100, 293), (100, 151), (100, 445), (100, 444), (100, 297), (100, 391), (100, 299), (100, 499), (100, 442), (100, 302), (100, 303), (100, 304), (100, 305), (100, 306), (100, 307), (100, 242), (100, 440), (100, 483), (100, 311), (100, 65), (100, 313), (100, 314), (100, 315), (100, 435), (100, 656), (100, 318), (100, 434), (100, 577), (100, 592), (100, 237), (100, 430), (100, 275), (100, 531), (100, 428), (100, 424), (100, 422), (100, 329), (100, 330), (100, 420), (100, 332), (100, 341), (100, 334), (100, 419), (100, 364), (100, 291), (100, 338), (100, 416), (100, 261), (100, 38), (100, 342), (100, 456), (100, 344), (100, 513), (100, 224), (100, 358), (100, 348), (100, 630), (100, 350), (100, 413), (100, 352), (100, 436), (100, 234), (100, 407), (100, 472), (100, 357), (100, 372), (100, 282), (100, 384), (100, 614), (100, 335), (100, 628), (100, 640), (100, 404), (100, 558), (100, 453), (100, 477), (100, 575), (100, 399), (100, 371), (100, 361), (100, 373), (100, 431), (100, 375), (100, 376), (100, 398), (100, 423), (100, 379), (100, 658), (100, 381), (100, 382), (100, 132), (100, 92), (100, 385), (100, 11), (100, 516), (100, 437), (100, 389), (100, 390), (100, 536), (100, 529), (100, 393), (100, 394), (100, 482)]
Residuals
[7.547109926553692e-16, 5.654807190680592e-16, 9.520342906762082e-16, 6.696921676860847e-16, 8.679520260691176e-16, 1.87100020400516e-15]
100
[0, 1, 2, 3, 4, 5, 6, 654, 380, 387, 10, 540, 641, 657, 515, 652, 651, 635, 452, 633, 20, 21, 626, 23, 24, 448, 26, 487, 625, 632, 30, 31, 32, 621, 34, 543, 36, 37, 622, 617, 564, 41, 42, 619, 44, 45, 46, 47, 642, 603, 50, 51, 52, 53, 606, 459, 56, 57, 58, 59, 591, 590, 62, 63, 64, 588, 66, 67, 68, 586, 70, 360, 72, 73, 74, 378, 76, 77, 78, 79, 80, 81, 82, 83, 84, 85, 86, 87, 88, 613, 90, 91, 520, 579, 509, 95, 574, 659, 639, 99, 100, 572, 421, 103, 569, 105, 106, 578, 649, 478, 567, 565, 386, 113, 369, 115, 475, 117, 118, 289, 362, 522, 122, 123, 124, 601, 347, 560, 351, 129, 130, 131, 557, 133, 134, 135, 136, 137, 644, 580, 140, 554, 553, 637, 568, 145, 146, 147, 148, 13, 150, 447, 354, 545, 154, 240, 396, 157, 604, 556, 160, 593, 162, 163, 164, 457, 166, 547, 168, 539, 170, 171, 541, 355, 538, 301, 535, 177, 178, 179, 180, 181, 525, 183, 521, 518, 512, 511, 600, 189, 190, 583, 192, 193, 194, 195, 196, 197, 523, 505, 502, 469, 602, 349, 498, 205, 615, 500, 552, 209, 210, 211, 212, 213, 214, 646, 496, 494, 493, 219, 220, 221, 489, 223, 485, 248, 367, 266, 228, 612, 230, 231, 327, 233, 480, 410, 645, 655, 238, 239, 116, 473, 343, 107, 597, 503, 458, 161, 294, 249, 250, 534, 412, 253, 156, 255, 467, 257, 258, 320, 260, 532, 463, 461, 264, 265, 256, 267, 465, 269, 507, 508, 272, 273, 634, 548, 464, 277, 278, 528, 280, 281, 563, 599, 284, 285, 286, 492, 647, 514, 236, 321, 446, 293, 151, 445, 444, 297, 391, 299, 499, 442, 302, 303, 304, 305, 306, 307, 242, 440, 483, 311, 65, 313, 314, 315, 435, 656, 318, 434, 577, 592, 237, 430, 275, 531, 428, 424, 422, 329, 330, 420, 332, 341, 334, 419, 364, 291, 338, 416, 261, 38, 342, 456, 344, 513, 224, 358, 348, 630, 350, 413, 352, 436, 234, 407, 472, 357, 372, 282, 384, 614, 335, 628, 640, 404, 558, 453, 477, 575, 399, 371, 361, 373, 431, 375, 376, 398, 423, 379, 658, 381, 382, 132, 92, 385, 11, 516, 437, 389, 390, 536, 529, 393, 394, 482]
Epoch
101
Epoch time
5.128004789352417
Epoch 101, Loss 0.007080838747419496
Epoch
102
Epoch time
5.037767648696899
Epoch 102, Loss 0.007262723145396137
Epoch
103
Epoch time
5.048487663269043
Epoch 103, Loss 0.005617716803837519
Epoch
104
Epoch time
5.019891738891602
Epoch 104, Loss 0.005672050979936311
Epoch
105
Epoch time
5.075862884521484
Epoch 105, Loss 0.004680893346350198
Epoch
106
Epoch time
5.024612188339233
Epoch 106, Loss 0.005571948040909452
Epoch
107
Epoch time
5.030441045761108
Epoch 107, Loss 0.005501880722894583
Epoch
108
Epoch time
5.031153678894043
Epoch 108, Loss 0.004899755339749904
Epoch
109
Epoch time
5.012623071670532
Epoch 109, Loss 0.004889417688421815
Epoch
110
Epoch time
5.062885284423828
Epoch 110, Loss 0.004895084612916492
Epoch
111
Epoch time
5.031477451324463
Epoch 111, Loss 0.00555578720683684
Epoch
112
Epoch time
5.0536017417907715
Epoch 112, Loss 0.004670206282825878
Epoch
113
Epoch time
5.0320374965667725
Epoch 113, Loss 0.004138464382089851
Epoch
114
Epoch time
5.042222023010254
Epoch 114, Loss 0.004583260411596915
Epoch
115
Epoch time
5.079500913619995
Epoch 115, Loss 0.006385864312352017
Epoch
116
Epoch time
5.02430534362793
Epoch 116, Loss 0.0053675002862041766
Epoch
117
Epoch time
5.008423805236816
Epoch 117, Loss 0.005070174301024603
Epoch
118
Epoch time
5.017680644989014
Epoch 118, Loss 0.005183492436667242
Epoch
119
Epoch time
5.0137779712677
Epoch 119, Loss 0.0042627586561906124
Epoch
120
Epoch time
567.2038671970367
Epoch 120, Loss 0.004379845647979531
Epoch 120
Selections count 396
Selections(Epoch, batch)
[(120, 0), (120, 1), (120, 2), (120, 3), (120, 4), (120, 5), (120, 6), (120, 654), (120, 380), (120, 387), (120, 10), (120, 540), (120, 641), (120, 657), (120, 515), (120, 652), (120, 651), (120, 635), (120, 452), (120, 633), (120, 20), (120, 21), (120, 626), (120, 23), (120, 24), (120, 448), (120, 26), (120, 487), (120, 625), (120, 632), (120, 30), (120, 31), (120, 32), (120, 621), (120, 34), (120, 543), (120, 36), (120, 37), (120, 622), (120, 617), (120, 564), (120, 41), (120, 42), (120, 619), (120, 44), (120, 45), (120, 46), (120, 47), (120, 642), (120, 603), (120, 50), (120, 51), (120, 52), (120, 53), (120, 606), (120, 459), (120, 56), (120, 57), (120, 58), (120, 59), (120, 591), (120, 590), (120, 62), (120, 63), (120, 64), (120, 588), (120, 66), (120, 67), (120, 68), (120, 586), (120, 70), (120, 360), (120, 72), (120, 73), (120, 74), (120, 378), (120, 76), (120, 77), (120, 78), (120, 79), (120, 80), (120, 81), (120, 82), (120, 83), (120, 84), (120, 85), (120, 86), (120, 87), (120, 88), (120, 613), (120, 90), (120, 91), (120, 520), (120, 579), (120, 509), (120, 95), (120, 574), (120, 659), (120, 639), (120, 99), (120, 100), (120, 572), (120, 421), (120, 103), (120, 569), (120, 105), (120, 106), (120, 578), (120, 649), (120, 478), (120, 567), (120, 565), (120, 386), (120, 113), (120, 369), (120, 115), (120, 475), (120, 117), (120, 118), (120, 289), (120, 362), (120, 522), (120, 122), (120, 123), (120, 124), (120, 601), (120, 347), (120, 560), (120, 351), (120, 129), (120, 130), (120, 131), (120, 557), (120, 133), (120, 134), (120, 135), (120, 136), (120, 137), (120, 644), (120, 580), (120, 140), (120, 554), (120, 553), (120, 637), (120, 568), (120, 145), (120, 146), (120, 147), (120, 148), (120, 13), (120, 150), (120, 447), (120, 354), (120, 545), (120, 154), (120, 240), (120, 396), (120, 157), (120, 604), (120, 556), (120, 160), (120, 593), (120, 162), (120, 163), (120, 164), (120, 457), (120, 166), (120, 547), (120, 168), (120, 539), (120, 170), (120, 171), (120, 541), (120, 355), (120, 538), (120, 301), (120, 535), (120, 177), (120, 178), (120, 179), (120, 180), (120, 181), (120, 525), (120, 183), (120, 521), (120, 518), (120, 512), (120, 511), (120, 600), (120, 189), (120, 190), (120, 583), (120, 192), (120, 193), (120, 194), (120, 195), (120, 196), (120, 197), (120, 523), (120, 505), (120, 502), (120, 469), (120, 602), (120, 349), (120, 498), (120, 205), (120, 615), (120, 500), (120, 552), (120, 209), (120, 210), (120, 211), (120, 212), (120, 213), (120, 214), (120, 646), (120, 496), (120, 494), (120, 493), (120, 219), (120, 220), (120, 221), (120, 489), (120, 223), (120, 485), (120, 248), (120, 367), (120, 266), (120, 228), (120, 612), (120, 230), (120, 231), (120, 327), (120, 233), (120, 480), (120, 410), (120, 645), (120, 655), (120, 238), (120, 239), (120, 116), (120, 473), (120, 343), (120, 107), (120, 597), (120, 503), (120, 458), (120, 161), (120, 571), (120, 249), (120, 250), (120, 534), (120, 584), (120, 253), (120, 156), (120, 198), (120, 467), (120, 257), (120, 258), (120, 609), (120, 260), (120, 532), (120, 463), (120, 461), (120, 264), (120, 265), (120, 256), (120, 267), (120, 589), (120, 269), (120, 507), (120, 508), (120, 272), (120, 273), (120, 634), (120, 439), (120, 464), (120, 277), (120, 278), (120, 528), (120, 280), (120, 281), (120, 563), (120, 436), (120, 284), (120, 285), (120, 286), (120, 656), (120, 647), (120, 514), (120, 236), (120, 648), (120, 446), (120, 293), (120, 408), (120, 445), (120, 444), (120, 297), (120, 391), (120, 299), (120, 499), (120, 442), (120, 302), (120, 303), (120, 304), (120, 305), (120, 306), (120, 307), (120, 242), (120, 440), (120, 483), (120, 311), (120, 174), (120, 313), (120, 314), (120, 315), (120, 435), (120, 204), (120, 318), (120, 434), (120, 232), (120, 592), (120, 596), (120, 430), (120, 275), (120, 531), (120, 274), (120, 424), (120, 422), (120, 329), (120, 330), (120, 420), (120, 332), (120, 341), (120, 334), (120, 419), (120, 364), (120, 153), (120, 338), (120, 416), (120, 261), (120, 38), (120, 342), (120, 456), (120, 344), (120, 495), (120, 224), (120, 358), (120, 348), (120, 630), (120, 350), (120, 413), (120, 352), (120, 336), (120, 234), (120, 628), (120, 472), (120, 357), (120, 372), (120, 282), (120, 114), (120, 614), (120, 335), (120, 562), (120, 640), (120, 404), (120, 558), (120, 453), (120, 477), (120, 575), (120, 399), (120, 371), (120, 361), (120, 373), (120, 431), (120, 375), (120, 376), (120, 398), (120, 423), (120, 379), (120, 658), (120, 381), (120, 382), (120, 132), (120, 97), (120, 385), (120, 11), (120, 27), (120, 437), (120, 389), (120, 390), (120, 536), (120, 529), (120, 393), (120, 394), (120, 482)]
Residuals
[7.547109926553692e-16, 5.654807190680592e-16, 9.520342906762082e-16, 6.696921676860847e-16, 8.679520260691176e-16, 1.87100020400516e-15, 1.3270814172156095e-15]
120
[0, 1, 2, 3, 4, 5, 6, 654, 380, 387, 10, 540, 641, 657, 515, 652, 651, 635, 452, 633, 20, 21, 626, 23, 24, 448, 26, 487, 625, 632, 30, 31, 32, 621, 34, 543, 36, 37, 622, 617, 564, 41, 42, 619, 44, 45, 46, 47, 642, 603, 50, 51, 52, 53, 606, 459, 56, 57, 58, 59, 591, 590, 62, 63, 64, 588, 66, 67, 68, 586, 70, 360, 72, 73, 74, 378, 76, 77, 78, 79, 80, 81, 82, 83, 84, 85, 86, 87, 88, 613, 90, 91, 520, 579, 509, 95, 574, 659, 639, 99, 100, 572, 421, 103, 569, 105, 106, 578, 649, 478, 567, 565, 386, 113, 369, 115, 475, 117, 118, 289, 362, 522, 122, 123, 124, 601, 347, 560, 351, 129, 130, 131, 557, 133, 134, 135, 136, 137, 644, 580, 140, 554, 553, 637, 568, 145, 146, 147, 148, 13, 150, 447, 354, 545, 154, 240, 396, 157, 604, 556, 160, 593, 162, 163, 164, 457, 166, 547, 168, 539, 170, 171, 541, 355, 538, 301, 535, 177, 178, 179, 180, 181, 525, 183, 521, 518, 512, 511, 600, 189, 190, 583, 192, 193, 194, 195, 196, 197, 523, 505, 502, 469, 602, 349, 498, 205, 615, 500, 552, 209, 210, 211, 212, 213, 214, 646, 496, 494, 493, 219, 220, 221, 489, 223, 485, 248, 367, 266, 228, 612, 230, 231, 327, 233, 480, 410, 645, 655, 238, 239, 116, 473, 343, 107, 597, 503, 458, 161, 571, 249, 250, 534, 584, 253, 156, 198, 467, 257, 258, 609, 260, 532, 463, 461, 264, 265, 256, 267, 589, 269, 507, 508, 272, 273, 634, 439, 464, 277, 278, 528, 280, 281, 563, 436, 284, 285, 286, 656, 647, 514, 236, 648, 446, 293, 408, 445, 444, 297, 391, 299, 499, 442, 302, 303, 304, 305, 306, 307, 242, 440, 483, 311, 174, 313, 314, 315, 435, 204, 318, 434, 232, 592, 596, 430, 275, 531, 274, 424, 422, 329, 330, 420, 332, 341, 334, 419, 364, 153, 338, 416, 261, 38, 342, 456, 344, 495, 224, 358, 348, 630, 350, 413, 352, 336, 234, 628, 472, 357, 372, 282, 114, 614, 335, 562, 640, 404, 558, 453, 477, 575, 399, 371, 361, 373, 431, 375, 376, 398, 423, 379, 658, 381, 382, 132, 97, 385, 11, 27, 437, 389, 390, 536, 529, 393, 394, 482]
Epoch
121
Epoch time
5.093659400939941
Epoch 121, Loss 0.004902852450364937
Epoch
122
Epoch time
5.023058652877808
Epoch 122, Loss 0.004961437396493314
Epoch
123
Epoch time
5.020735502243042
Epoch 123, Loss 0.004634287082298935
Epoch
124
Epoch time
5.035429239273071
Epoch 124, Loss 0.005036371925003351
Epoch
125
Epoch time
5.123155355453491
Epoch 125, Loss 0.005324385889528731
Epoch
126
Epoch time
5.0240159034729
Epoch 126, Loss 0.005228426983609608
Epoch
127
Epoch time
5.018861770629883
Epoch 127, Loss 0.004465320393600246
Epoch
128
Epoch time
5.026554822921753
Epoch 128, Loss 0.004094953740979197
Epoch
129
Epoch time
5.028180122375488
Epoch 129, Loss 0.0061033292741613345
Epoch
130
Epoch time
5.070030450820923
Epoch 130, Loss 0.004021510372621136
Epoch
131
Epoch time
5.021135568618774
Epoch 131, Loss 0.004722373836299099
Epoch
132
Epoch time
5.024367570877075
Epoch 132, Loss 0.004374843360559264
Epoch
133
Epoch time
5.033297300338745
Epoch 133, Loss 0.005587165836815077
Epoch
134
Epoch time
5.0150487422943115
Epoch 134, Loss 0.004488925718927798
Epoch
135
Epoch time
5.085154056549072
Epoch 135, Loss 0.004948419342364421
Epoch
136
Epoch time
5.020733594894409
Epoch 136, Loss 0.004184825726552673
Epoch
137
Epoch time
5.043109893798828
Epoch 137, Loss 0.0048601661968994195
Epoch
138
Epoch time
5.052702903747559
Epoch 138, Loss 0.004703538420434749
Epoch
139
Epoch time
5.014474391937256
Epoch 139, Loss 0.0035849679400762114
Epoch
140
Epoch time
566.1270315647125
Epoch 140, Loss 0.003915958393423201
Epoch 140
Selections count 396
Selections(Epoch, batch)
[(140, 0), (140, 1), (140, 2), (140, 3), (140, 4), (140, 5), (140, 6), (140, 654), (140, 380), (140, 387), (140, 10), (140, 540), (140, 641), (140, 657), (140, 515), (140, 652), (140, 651), (140, 635), (140, 452), (140, 633), (140, 20), (140, 21), (140, 626), (140, 23), (140, 24), (140, 448), (140, 26), (140, 487), (140, 625), (140, 632), (140, 30), (140, 31), (140, 32), (140, 621), (140, 34), (140, 543), (140, 36), (140, 37), (140, 622), (140, 617), (140, 564), (140, 41), (140, 42), (140, 619), (140, 44), (140, 45), (140, 46), (140, 47), (140, 642), (140, 603), (140, 50), (140, 51), (140, 52), (140, 53), (140, 606), (140, 459), (140, 56), (140, 57), (140, 58), (140, 59), (140, 591), (140, 590), (140, 62), (140, 63), (140, 64), (140, 588), (140, 66), (140, 67), (140, 68), (140, 586), (140, 70), (140, 360), (140, 72), (140, 73), (140, 74), (140, 378), (140, 76), (140, 77), (140, 78), (140, 79), (140, 80), (140, 81), (140, 82), (140, 83), (140, 84), (140, 85), (140, 86), (140, 87), (140, 88), (140, 613), (140, 90), (140, 91), (140, 520), (140, 579), (140, 509), (140, 95), (140, 574), (140, 659), (140, 639), (140, 99), (140, 100), (140, 572), (140, 421), (140, 103), (140, 569), (140, 105), (140, 106), (140, 578), (140, 649), (140, 478), (140, 567), (140, 565), (140, 386), (140, 113), (140, 369), (140, 115), (140, 475), (140, 117), (140, 118), (140, 289), (140, 362), (140, 522), (140, 122), (140, 123), (140, 124), (140, 601), (140, 347), (140, 560), (140, 351), (140, 129), (140, 130), (140, 131), (140, 557), (140, 133), (140, 134), (140, 135), (140, 136), (140, 137), (140, 644), (140, 580), (140, 140), (140, 554), (140, 553), (140, 637), (140, 568), (140, 145), (140, 146), (140, 147), (140, 148), (140, 13), (140, 150), (140, 447), (140, 354), (140, 545), (140, 154), (140, 240), (140, 396), (140, 157), (140, 604), (140, 556), (140, 160), (140, 593), (140, 162), (140, 163), (140, 164), (140, 457), (140, 166), (140, 547), (140, 168), (140, 539), (140, 170), (140, 171), (140, 541), (140, 355), (140, 538), (140, 301), (140, 535), (140, 177), (140, 178), (140, 179), (140, 180), (140, 181), (140, 525), (140, 183), (140, 521), (140, 518), (140, 512), (140, 620), (140, 600), (140, 189), (140, 190), (140, 583), (140, 192), (140, 193), (140, 194), (140, 195), (140, 196), (140, 197), (140, 523), (140, 505), (140, 502), (140, 469), (140, 602), (140, 155), (140, 498), (140, 205), (140, 615), (140, 500), (140, 552), (140, 209), (140, 210), (140, 517), (140, 212), (140, 213), (140, 214), (140, 646), (140, 496), (140, 494), (140, 493), (140, 219), (140, 220), (140, 221), (140, 489), (140, 223), (140, 485), (140, 248), (140, 367), (140, 608), (140, 228), (140, 612), (140, 230), (140, 231), (140, 327), (140, 233), (140, 480), (140, 410), (140, 645), (140, 655), (140, 238), (140, 239), (140, 616), (140, 473), (140, 343), (140, 107), (140, 597), (140, 503), (140, 516), (140, 161), (140, 510), (140, 249), (140, 250), (140, 534), (140, 470), (140, 253), (140, 595), (140, 656), (140, 467), (140, 257), (140, 258), (140, 415), (140, 260), (140, 532), (140, 463), (140, 461), (140, 264), (140, 265), (140, 256), (140, 267), (140, 191), (140, 269), (140, 507), (140, 508), (140, 272), (140, 653), (140, 634), (140, 599), (140, 464), (140, 277), (140, 278), (140, 528), (140, 280), (140, 281), (140, 563), (140, 436), (140, 284), (140, 285), (140, 286), (140, 412), (140, 647), (140, 514), (140, 236), (140, 407), (140, 446), (140, 293), (140, 408), (140, 445), (140, 444), (140, 297), (140, 391), (140, 299), (140, 499), (140, 442), (140, 302), (140, 303), (140, 304), (140, 305), (140, 306), (140, 307), (140, 242), (140, 440), (140, 483), (140, 311), (140, 174), (140, 313), (140, 314), (140, 315), (140, 435), (140, 456), (140, 318), (140, 434), (140, 232), (140, 577), (140, 648), (140, 430), (140, 275), (140, 531), (140, 562), (140, 424), (140, 422), (140, 329), (140, 330), (140, 420), (140, 332), (140, 465), (140, 334), (140, 419), (140, 361), (140, 384), (140, 338), (140, 416), (140, 261), (140, 38), (140, 342), (140, 243), (140, 344), (140, 548), (140, 224), (140, 291), (140, 348), (140, 165), (140, 350), (140, 413), (140, 352), (140, 336), (140, 234), (140, 628), (140, 472), (140, 357), (140, 372), (140, 282), (140, 114), (140, 614), (140, 335), (140, 255), (140, 640), (140, 404), (140, 149), (140, 453), (140, 92), (140, 575), (140, 399), (140, 371), (140, 492), (140, 630), (140, 431), (140, 375), (140, 376), (140, 398), (140, 423), (140, 379), (140, 658), (140, 381), (140, 382), (140, 132), (140, 97), (140, 385), (140, 11), (140, 428), (140, 437), (140, 389), (140, 390), (140, 536), (140, 529), (140, 393), (140, 394), (140, 482)]
Residuals
[7.547109926553692e-16, 5.654807190680592e-16, 9.520342906762082e-16, 6.696921676860847e-16, 8.679520260691176e-16, 1.87100020400516e-15, 1.3270814172156095e-15, 2.284299459548975e-15]
140
[0, 1, 2, 3, 4, 5, 6, 654, 380, 387, 10, 540, 641, 657, 515, 652, 651, 635, 452, 633, 20, 21, 626, 23, 24, 448, 26, 487, 625, 632, 30, 31, 32, 621, 34, 543, 36, 37, 622, 617, 564, 41, 42, 619, 44, 45, 46, 47, 642, 603, 50, 51, 52, 53, 606, 459, 56, 57, 58, 59, 591, 590, 62, 63, 64, 588, 66, 67, 68, 586, 70, 360, 72, 73, 74, 378, 76, 77, 78, 79, 80, 81, 82, 83, 84, 85, 86, 87, 88, 613, 90, 91, 520, 579, 509, 95, 574, 659, 639, 99, 100, 572, 421, 103, 569, 105, 106, 578, 649, 478, 567, 565, 386, 113, 369, 115, 475, 117, 118, 289, 362, 522, 122, 123, 124, 601, 347, 560, 351, 129, 130, 131, 557, 133, 134, 135, 136, 137, 644, 580, 140, 554, 553, 637, 568, 145, 146, 147, 148, 13, 150, 447, 354, 545, 154, 240, 396, 157, 604, 556, 160, 593, 162, 163, 164, 457, 166, 547, 168, 539, 170, 171, 541, 355, 538, 301, 535, 177, 178, 179, 180, 181, 525, 183, 521, 518, 512, 620, 600, 189, 190, 583, 192, 193, 194, 195, 196, 197, 523, 505, 502, 469, 602, 155, 498, 205, 615, 500, 552, 209, 210, 517, 212, 213, 214, 646, 496, 494, 493, 219, 220, 221, 489, 223, 485, 248, 367, 608, 228, 612, 230, 231, 327, 233, 480, 410, 645, 655, 238, 239, 616, 473, 343, 107, 597, 503, 516, 161, 510, 249, 250, 534, 470, 253, 595, 656, 467, 257, 258, 415, 260, 532, 463, 461, 264, 265, 256, 267, 191, 269, 507, 508, 272, 653, 634, 599, 464, 277, 278, 528, 280, 281, 563, 436, 284, 285, 286, 412, 647, 514, 236, 407, 446, 293, 408, 445, 444, 297, 391, 299, 499, 442, 302, 303, 304, 305, 306, 307, 242, 440, 483, 311, 174, 313, 314, 315, 435, 456, 318, 434, 232, 577, 648, 430, 275, 531, 562, 424, 422, 329, 330, 420, 332, 465, 334, 419, 361, 384, 338, 416, 261, 38, 342, 243, 344, 548, 224, 291, 348, 165, 350, 413, 352, 336, 234, 628, 472, 357, 372, 282, 114, 614, 335, 255, 640, 404, 149, 453, 92, 575, 399, 371, 492, 630, 431, 375, 376, 398, 423, 379, 658, 381, 382, 132, 97, 385, 11, 428, 437, 389, 390, 536, 529, 393, 394, 482]
Epoch
141
Epoch time
5.1582252979278564
Epoch 141, Loss 0.005022276034854383
Epoch
142
Epoch time
5.057044506072998
Epoch 142, Loss 0.004389877673318298
Epoch
143
Epoch time
5.041891574859619
Epoch 143, Loss 0.004381618007210999
Epoch
144
Epoch time
5.030655384063721
Epoch 144, Loss 0.003319709758301957
Epoch
145
Epoch time
5.081766843795776
Epoch 145, Loss 0.004944695906121789
Epoch
146
Epoch time
5.022286653518677
Epoch 146, Loss 0.0048644378290159315
Epoch
147
Epoch time
5.036493539810181
Epoch 147, Loss 0.00434723080449294
Epoch
148
Epoch time
5.030251979827881
Epoch 148, Loss 0.0038352140485643817
Epoch
149
Epoch time
5.021384000778198
Epoch 149, Loss 0.004450561872741877
Epoch
150
Epoch time
5.124680519104004
Epoch 150, Loss 0.004627873920355796
Epoch
151
Epoch time
5.035634756088257
Epoch 151, Loss 0.004538271610185912
Epoch
152
Epoch time
5.009111642837524
Epoch 152, Loss 0.004213381563841049
Epoch
153
Epoch time
5.012161731719971
Epoch 153, Loss 0.0033919386874646782
Epoch
154
Epoch time
5.009696006774902
Epoch 154, Loss 0.003858744590157078
Epoch
155
Epoch time
5.0742106437683105
Epoch 155, Loss 0.004190955005535813
Epoch
156
Epoch time
5.023261547088623
Epoch 156, Loss 0.004796408680761217
Epoch
157
Epoch time
5.021849870681763
Epoch 157, Loss 0.0037471615915775657
Epoch
158
Epoch time
5.027862310409546
Epoch 158, Loss 0.004165532817798265
Epoch
159
Epoch time
5.0176451206207275
Epoch 159, Loss 0.003800892476082443
Epoch
160
Epoch time
567.1915333271027
Epoch 160, Loss 0.0034391508676334106
Epoch 160
Selections count 396
Selections(Epoch, batch)
[(160, 0), (160, 1), (160, 2), (160, 3), (160, 4), (160, 5), (160, 6), (160, 654), (160, 380), (160, 387), (160, 10), (160, 540), (160, 641), (160, 657), (160, 515), (160, 652), (160, 651), (160, 635), (160, 452), (160, 633), (160, 20), (160, 21), (160, 626), (160, 276), (160, 24), (160, 448), (160, 26), (160, 487), (160, 625), (160, 632), (160, 30), (160, 31), (160, 32), (160, 621), (160, 34), (160, 543), (160, 36), (160, 37), (160, 622), (160, 617), (160, 564), (160, 41), (160, 42), (160, 619), (160, 44), (160, 45), (160, 46), (160, 47), (160, 642), (160, 603), (160, 50), (160, 51), (160, 52), (160, 53), (160, 606), (160, 459), (160, 56), (160, 57), (160, 58), (160, 59), (160, 591), (160, 590), (160, 62), (160, 63), (160, 64), (160, 588), (160, 66), (160, 67), (160, 68), (160, 586), (160, 70), (160, 360), (160, 72), (160, 73), (160, 74), (160, 378), (160, 76), (160, 77), (160, 78), (160, 79), (160, 80), (160, 81), (160, 82), (160, 83), (160, 84), (160, 85), (160, 86), (160, 87), (160, 88), (160, 613), (160, 90), (160, 91), (160, 520), (160, 579), (160, 509), (160, 95), (160, 574), (160, 659), (160, 639), (160, 99), (160, 100), (160, 572), (160, 421), (160, 103), (160, 569), (160, 105), (160, 106), (160, 578), (160, 649), (160, 478), (160, 567), (160, 565), (160, 386), (160, 113), (160, 369), (160, 115), (160, 475), (160, 117), (160, 118), (160, 289), (160, 362), (160, 522), (160, 122), (160, 123), (160, 124), (160, 601), (160, 347), (160, 560), (160, 351), (160, 129), (160, 130), (160, 131), (160, 557), (160, 133), (160, 134), (160, 135), (160, 136), (160, 137), (160, 644), (160, 580), (160, 140), (160, 554), (160, 553), (160, 637), (160, 568), (160, 145), (160, 146), (160, 147), (160, 148), (160, 13), (160, 150), (160, 447), (160, 354), (160, 545), (160, 154), (160, 243), (160, 396), (160, 157), (160, 604), (160, 556), (160, 160), (160, 593), (160, 162), (160, 163), (160, 251), (160, 457), (160, 166), (160, 547), (160, 168), (160, 539), (160, 170), (160, 171), (160, 541), (160, 355), (160, 538), (160, 301), (160, 535), (160, 177), (160, 178), (160, 179), (160, 180), (160, 181), (160, 525), (160, 183), (160, 521), (160, 518), (160, 512), (160, 620), (160, 600), (160, 189), (160, 190), (160, 583), (160, 192), (160, 193), (160, 194), (160, 195), (160, 196), (160, 197), (160, 523), (160, 505), (160, 502), (160, 469), (160, 602), (160, 155), (160, 498), (160, 205), (160, 615), (160, 500), (160, 552), (160, 209), (160, 210), (160, 645), (160, 212), (160, 213), (160, 214), (160, 646), (160, 496), (160, 494), (160, 493), (160, 219), (160, 220), (160, 221), (160, 489), (160, 223), (160, 485), (160, 248), (160, 367), (160, 608), (160, 228), (160, 612), (160, 326), (160, 231), (160, 327), (160, 233), (160, 480), (160, 630), (160, 273), (160, 655), (160, 238), (160, 239), (160, 373), (160, 473), (160, 343), (160, 107), (160, 597), (160, 503), (160, 592), (160, 161), (160, 484), (160, 249), (160, 250), (160, 410), (160, 470), (160, 253), (160, 585), (160, 246), (160, 467), (160, 257), (160, 258), (160, 415), (160, 260), (160, 532), (160, 463), (160, 461), (160, 264), (160, 265), (160, 256), (160, 267), (160, 274), (160, 269), (160, 507), (160, 508), (160, 272), (160, 653), (160, 634), (160, 599), (160, 464), (160, 277), (160, 278), (160, 528), (160, 280), (160, 281), (160, 563), (160, 436), (160, 284), (160, 285), (160, 286), (160, 412), (160, 647), (160, 514), (160, 236), (160, 407), (160, 446), (160, 293), (160, 377), (160, 445), (160, 444), (160, 297), (160, 391), (160, 299), (160, 499), (160, 442), (160, 302), (160, 321), (160, 304), (160, 305), (160, 306), (160, 307), (160, 242), (160, 440), (160, 483), (160, 311), (160, 174), (160, 313), (160, 314), (160, 315), (160, 435), (160, 456), (160, 318), (160, 434), (160, 656), (160, 577), (160, 237), (160, 430), (160, 275), (160, 531), (160, 65), (160, 424), (160, 422), (160, 329), (160, 330), (160, 420), (160, 332), (160, 465), (160, 334), (160, 419), (160, 361), (160, 384), (160, 338), (160, 416), (160, 261), (160, 38), (160, 342), (160, 156), (160, 344), (160, 548), (160, 224), (160, 291), (160, 348), (160, 320), (160, 350), (160, 413), (160, 352), (160, 336), (160, 234), (160, 581), (160, 472), (160, 357), (160, 372), (160, 282), (160, 614), (160, 341), (160, 335), (160, 558), (160, 640), (160, 404), (160, 149), (160, 453), (160, 92), (160, 575), (160, 399), (160, 371), (160, 511), (160, 294), (160, 431), (160, 375), (160, 458), (160, 398), (160, 423), (160, 379), (160, 658), (160, 381), (160, 382), (160, 132), (160, 211), (160, 385), (160, 11), (160, 428), (160, 437), (160, 389), (160, 390), (160, 536), (160, 529), (160, 393), (160, 394), (160, 482)]
Residuals
[7.547109926553692e-16, 5.654807190680592e-16, 9.520342906762082e-16, 6.696921676860847e-16, 8.679520260691176e-16, 1.87100020400516e-15, 1.3270814172156095e-15, 2.284299459548975e-15, 8.2223664441974975e-16]
160
[0, 1, 2, 3, 4, 5, 6, 654, 380, 387, 10, 540, 641, 657, 515, 652, 651, 635, 452, 633, 20, 21, 626, 276, 24, 448, 26, 487, 625, 632, 30, 31, 32, 621, 34, 543, 36, 37, 622, 617, 564, 41, 42, 619, 44, 45, 46, 47, 642, 603, 50, 51, 52, 53, 606, 459, 56, 57, 58, 59, 591, 590, 62, 63, 64, 588, 66, 67, 68, 586, 70, 360, 72, 73, 74, 378, 76, 77, 78, 79, 80, 81, 82, 83, 84, 85, 86, 87, 88, 613, 90, 91, 520, 579, 509, 95, 574, 659, 639, 99, 100, 572, 421, 103, 569, 105, 106, 578, 649, 478, 567, 565, 386, 113, 369, 115, 475, 117, 118, 289, 362, 522, 122, 123, 124, 601, 347, 560, 351, 129, 130, 131, 557, 133, 134, 135, 136, 137, 644, 580, 140, 554, 553, 637, 568, 145, 146, 147, 148, 13, 150, 447, 354, 545, 154, 243, 396, 157, 604, 556, 160, 593, 162, 163, 251, 457, 166, 547, 168, 539, 170, 171, 541, 355, 538, 301, 535, 177, 178, 179, 180, 181, 525, 183, 521, 518, 512, 620, 600, 189, 190, 583, 192, 193, 194, 195, 196, 197, 523, 505, 502, 469, 602, 155, 498, 205, 615, 500, 552, 209, 210, 645, 212, 213, 214, 646, 496, 494, 493, 219, 220, 221, 489, 223, 485, 248, 367, 608, 228, 612, 326, 231, 327, 233, 480, 630, 273, 655, 238, 239, 373, 473, 343, 107, 597, 503, 592, 161, 484, 249, 250, 410, 470, 253, 585, 246, 467, 257, 258, 415, 260, 532, 463, 461, 264, 265, 256, 267, 274, 269, 507, 508, 272, 653, 634, 599, 464, 277, 278, 528, 280, 281, 563, 436, 284, 285, 286, 412, 647, 514, 236, 407, 446, 293, 377, 445, 444, 297, 391, 299, 499, 442, 302, 321, 304, 305, 306, 307, 242, 440, 483, 311, 174, 313, 314, 315, 435, 456, 318, 434, 656, 577, 237, 430, 275, 531, 65, 424, 422, 329, 330, 420, 332, 465, 334, 419, 361, 384, 338, 416, 261, 38, 342, 156, 344, 548, 224, 291, 348, 320, 350, 413, 352, 336, 234, 581, 472, 357, 372, 282, 614, 341, 335, 558, 640, 404, 149, 453, 92, 575, 399, 371, 511, 294, 431, 375, 458, 398, 423, 379, 658, 381, 382, 132, 211, 385, 11, 428, 437, 389, 390, 536, 529, 393, 394, 482]
Epoch
161
Epoch time
5.079955101013184
Epoch 161, Loss 0.003933505972869966
Epoch
162
Epoch time
5.038095235824585
Epoch 162, Loss 0.004733531744650286
Epoch
163
Epoch time
5.072607517242432
Epoch 163, Loss 0.003863069452368369
Epoch
164
Epoch time
5.023741245269775
Epoch 164, Loss 0.004218462755935632
Epoch
165
Epoch time
5.099158763885498
Epoch 165, Loss 0.00462325276567005
Epoch
166
Epoch time
5.022513389587402
Epoch 166, Loss 0.0038260540611162954
Epoch
167
Epoch time
5.030542373657227
Epoch 167, Loss 0.0035298807282144653
Epoch
168
Epoch time
5.032442808151245
Epoch 168, Loss 0.004349903810852123
Epoch
169
Epoch time
5.04281210899353
Epoch 169, Loss 0.003434426287268077
Epoch
170
Epoch time
5.068671941757202
Epoch 170, Loss 0.003501847292625821
Epoch
171
Epoch time
5.021609306335449
Epoch 171, Loss 0.003511799029894043
Epoch
172
Epoch time
5.01602029800415
Epoch 172, Loss 0.0032877822842595585
Epoch
173
Epoch time
5.037658929824829
Epoch 173, Loss 0.0038015875866497123
Epoch
174
Epoch time
5.027552604675293
Epoch 174, Loss 0.0038967550606791926
Epoch
175
Epoch time
5.09102725982666
Epoch 175, Loss 0.003850221056474066
Epoch
176
Epoch time
5.054606199264526
Epoch 176, Loss 0.004350368033126474
Epoch
177
Epoch time
5.039191961288452
Epoch 177, Loss 0.0029171109626157945
Epoch
178
Epoch time
5.020660877227783
Epoch 178, Loss 0.004040135974255019
Epoch
179
Epoch time
5.037796497344971
Epoch 179, Loss 0.003862309317205046
Epoch
180
Epoch time
565.8496859073639
Epoch 180, Loss 0.0036635578086253655
Epoch 180
Selections count 396
Selections(Epoch, batch)
[(180, 0), (180, 1), (180, 2), (180, 3), (180, 4), (180, 5), (180, 6), (180, 654), (180, 380), (180, 387), (180, 10), (180, 540), (180, 641), (180, 657), (180, 515), (180, 652), (180, 651), (180, 635), (180, 452), (180, 633), (180, 20), (180, 21), (180, 626), (180, 276), (180, 24), (180, 448), (180, 26), (180, 487), (180, 625), (180, 632), (180, 30), (180, 31), (180, 32), (180, 621), (180, 34), (180, 543), (180, 36), (180, 37), (180, 622), (180, 617), (180, 564), (180, 41), (180, 42), (180, 619), (180, 44), (180, 45), (180, 46), (180, 47), (180, 642), (180, 603), (180, 50), (180, 51), (180, 52), (180, 53), (180, 606), (180, 459), (180, 56), (180, 57), (180, 58), (180, 59), (180, 591), (180, 590), (180, 62), (180, 63), (180, 64), (180, 588), (180, 66), (180, 67), (180, 68), (180, 586), (180, 70), (180, 360), (180, 72), (180, 73), (180, 74), (180, 378), (180, 76), (180, 77), (180, 78), (180, 79), (180, 80), (180, 81), (180, 82), (180, 83), (180, 84), (180, 85), (180, 86), (180, 87), (180, 88), (180, 613), (180, 90), (180, 91), (180, 520), (180, 579), (180, 509), (180, 95), (180, 574), (180, 659), (180, 639), (180, 99), (180, 100), (180, 572), (180, 421), (180, 103), (180, 569), (180, 105), (180, 106), (180, 578), (180, 245), (180, 478), (180, 567), (180, 565), (180, 386), (180, 113), (180, 369), (180, 115), (180, 475), (180, 117), (180, 118), (180, 242), (180, 362), (180, 522), (180, 122), (180, 123), (180, 124), (180, 601), (180, 347), (180, 560), (180, 351), (180, 129), (180, 130), (180, 131), (180, 557), (180, 133), (180, 134), (180, 135), (180, 136), (180, 137), (180, 644), (180, 580), (180, 140), (180, 554), (180, 553), (180, 637), (180, 568), (180, 145), (180, 146), (180, 147), (180, 148), (180, 13), (180, 150), (180, 447), (180, 354), (180, 545), (180, 154), (180, 243), (180, 152), (180, 157), (180, 604), (180, 556), (180, 160), (180, 593), (180, 162), (180, 163), (180, 251), (180, 457), (180, 166), (180, 547), (180, 168), (180, 539), (180, 649), (180, 171), (180, 541), (180, 355), (180, 538), (180, 301), (180, 535), (180, 177), (180, 178), (180, 179), (180, 180), (180, 181), (180, 525), (180, 183), (180, 521), (180, 518), (180, 512), (180, 620), (180, 600), (180, 189), (180, 190), (180, 583), (180, 192), (180, 193), (180, 194), (180, 195), (180, 196), (180, 197), (180, 523), (180, 505), (180, 502), (180, 469), (180, 549), (180, 551), (180, 498), (180, 205), (180, 516), (180, 500), (180, 552), (180, 209), (180, 210), (180, 165), (180, 212), (180, 213), (180, 214), (180, 646), (180, 496), (180, 494), (180, 493), (180, 219), (180, 220), (180, 221), (180, 489), (180, 223), (180, 485), (180, 248), (180, 367), (180, 645), (180, 228), (180, 612), (180, 241), (180, 231), (180, 240), (180, 233), (180, 480), (180, 630), (180, 273), (180, 655), (180, 238), (180, 239), (180, 373), (180, 473), (180, 343), (180, 107), (180, 597), (180, 503), (180, 558), (180, 161), (180, 204), (180, 249), (180, 250), (180, 524), (180, 470), (180, 253), (180, 650), (180, 246), (180, 467), (180, 257), (180, 258), (180, 415), (180, 260), (180, 532), (180, 463), (180, 461), (180, 264), (180, 265), (180, 256), (180, 267), (180, 153), (180, 269), (180, 507), (180, 508), (180, 272), (180, 653), (180, 634), (180, 599), (180, 464), (180, 277), (180, 278), (180, 528), (180, 280), (180, 281), (180, 563), (180, 436), (180, 284), (180, 285), (180, 286), (180, 412), (180, 647), (180, 514), (180, 236), (180, 407), (180, 446), (180, 293), (180, 377), (180, 445), (180, 444), (180, 297), (180, 391), (180, 299), (180, 499), (180, 442), (180, 302), (180, 388), (180, 640), (180, 305), (180, 306), (180, 307), (180, 327), (180, 440), (180, 483), (180, 311), (180, 174), (180, 313), (180, 314), (180, 315), (180, 435), (180, 481), (180, 318), (180, 434), (180, 303), (180, 456), (180, 232), (180, 430), (180, 275), (180, 531), (180, 65), (180, 424), (180, 422), (180, 329), (180, 330), (180, 420), (180, 332), (180, 465), (180, 334), (180, 419), (180, 361), (180, 384), (180, 338), (180, 416), (180, 261), (180, 38), (180, 342), (180, 156), (180, 344), (180, 548), (180, 224), (180, 151), (180, 348), (180, 164), (180, 350), (180, 413), (180, 352), (180, 336), (180, 234), (180, 581), (180, 472), (180, 357), (180, 372), (180, 282), (180, 656), (180, 341), (180, 335), (180, 382), (180, 97), (180, 404), (180, 149), (180, 453), (180, 92), (180, 575), (180, 399), (180, 371), (180, 27), (180, 294), (180, 431), (180, 375), (180, 458), (180, 398), (180, 423), (180, 379), (180, 658), (180, 381), (180, 376), (180, 132), (180, 614), (180, 385), (180, 11), (180, 428), (180, 437), (180, 389), (180, 390), (180, 536), (180, 529), (180, 393), (180, 394), (180, 482)]
Residuals
[7.547109926553692e-16, 5.654807190680592e-16, 9.520342906762082e-16, 6.696921676860847e-16, 8.679520260691176e-16, 1.87100020400516e-15, 1.3270814172156095e-15, 2.284299459548975e-15, 8.2223664441974975e-16, 9.589172640069112e-16]
180
[0, 1, 2, 3, 4, 5, 6, 654, 380, 387, 10, 540, 641, 657, 515, 652, 651, 635, 452, 633, 20, 21, 626, 276, 24, 448, 26, 487, 625, 632, 30, 31, 32, 621, 34, 543, 36, 37, 622, 617, 564, 41, 42, 619, 44, 45, 46, 47, 642, 603, 50, 51, 52, 53, 606, 459, 56, 57, 58, 59, 591, 590, 62, 63, 64, 588, 66, 67, 68, 586, 70, 360, 72, 73, 74, 378, 76, 77, 78, 79, 80, 81, 82, 83, 84, 85, 86, 87, 88, 613, 90, 91, 520, 579, 509, 95, 574, 659, 639, 99, 100, 572, 421, 103, 569, 105, 106, 578, 245, 478, 567, 565, 386, 113, 369, 115, 475, 117, 118, 242, 362, 522, 122, 123, 124, 601, 347, 560, 351, 129, 130, 131, 557, 133, 134, 135, 136, 137, 644, 580, 140, 554, 553, 637, 568, 145, 146, 147, 148, 13, 150, 447, 354, 545, 154, 243, 152, 157, 604, 556, 160, 593, 162, 163, 251, 457, 166, 547, 168, 539, 649, 171, 541, 355, 538, 301, 535, 177, 178, 179, 180, 181, 525, 183, 521, 518, 512, 620, 600, 189, 190, 583, 192, 193, 194, 195, 196, 197, 523, 505, 502, 469, 549, 551, 498, 205, 516, 500, 552, 209, 210, 165, 212, 213, 214, 646, 496, 494, 493, 219, 220, 221, 489, 223, 485, 248, 367, 645, 228, 612, 241, 231, 240, 233, 480, 630, 273, 655, 238, 239, 373, 473, 343, 107, 597, 503, 558, 161, 204, 249, 250, 524, 470, 253, 650, 246, 467, 257, 258, 415, 260, 532, 463, 461, 264, 265, 256, 267, 153, 269, 507, 508, 272, 653, 634, 599, 464, 277, 278, 528, 280, 281, 563, 436, 284, 285, 286, 412, 647, 514, 236, 407, 446, 293, 377, 445, 444, 297, 391, 299, 499, 442, 302, 388, 640, 305, 306, 307, 327, 440, 483, 311, 174, 313, 314, 315, 435, 481, 318, 434, 303, 456, 232, 430, 275, 531, 65, 424, 422, 329, 330, 420, 332, 465, 334, 419, 361, 384, 338, 416, 261, 38, 342, 156, 344, 548, 224, 151, 348, 164, 350, 413, 352, 336, 234, 581, 472, 357, 372, 282, 656, 341, 335, 382, 97, 404, 149, 453, 92, 575, 399, 371, 27, 294, 431, 375, 458, 398, 423, 379, 658, 381, 376, 132, 614, 385, 11, 428, 437, 389, 390, 536, 529, 393, 394, 482]
Epoch
181
Epoch time
5.137770652770996
Epoch 181, Loss 0.004044310488337478
Epoch
182
Epoch time
5.0533387660980225
Epoch 182, Loss 0.003198662294303342
Epoch
183
Epoch time
5.021912574768066
Epoch 183, Loss 0.003448809281511108
Epoch
184
Epoch time
5.008656978607178
Epoch 184, Loss 0.0037450244010757555
Epoch
185
Epoch time
5.0733323097229
Epoch 185, Loss 0.0030832553698902153
Epoch
186
Epoch time
5.038434743881226
Epoch 186, Loss 0.0027504929289354006
Epoch
187
Epoch time
5.019937753677368
Epoch 187, Loss 0.0030810143267080057
Epoch
188
Epoch time
5.043091297149658
Epoch 188, Loss 0.003213679162783715
Epoch
189
Epoch time
5.062276840209961
Epoch 189, Loss 0.0028853941997481532
Epoch
190
Epoch time
5.073847055435181
Epoch 190, Loss 0.0036713790557769245
Epoch
191
Epoch time
5.016746520996094
Epoch 191, Loss 0.002827225494835215
Epoch
192
Epoch time
5.024616003036499
Epoch 192, Loss 0.0036826214351115163
Epoch
193
Epoch time
5.012620210647583
Epoch 193, Loss 0.0036396953891753192
Epoch
194
Epoch time
5.021083116531372
Epoch 194, Loss 0.003482052001342133
Epoch
195
Epoch time
5.097050189971924
Epoch 195, Loss 0.0042328291693654214
Epoch
196
Epoch time
5.03719425201416
Epoch 196, Loss 0.003447554727579411
Epoch
197
Epoch time
5.020287990570068
Epoch 197, Loss 0.002745543849480304
Epoch
198
Epoch time
5.014881372451782
Epoch 198, Loss 0.0031442654145582873
Epoch
199
Epoch time
5.01784086227417
Epoch 199, Loss 0.003900021806376591
