Files already downloaded and verified
Files already downloaded and verified
torch.Size([100000, 1, 3, 32, 32])
1000
Epoch
0
Epoch time
5109.309670209885
Epoch 0, Loss 3.7750149872303007
Epoch 0
Selections count 0
Selections(Epoch, batch)
[(0, 0), (0, 1), (0, 2), (0, 3), (0, 4), (0, 5), (0, 6), (0, 7), (0, 8), (0, 9), (0, 10), (0, 11), (0, 12), (0, 13), (0, 14), (0, 15), (0, 16), (0, 17), (0, 18), (0, 19), (0, 20), (0, 21), (0, 22), (0, 23), (0, 24), (0, 25), (0, 26), (0, 27), (0, 28), (0, 29), (0, 30), (0, 31), (0, 32), (0, 33), (0, 34), (0, 35), (0, 36), (0, 37), (0, 38), (0, 39), (0, 40), (0, 41), (0, 42), (0, 43), (0, 44), (0, 881), (0, 46), (0, 47), (0, 48), (0, 49), (0, 50), (0, 51), (0, 52), (0, 53), (0, 54), (0, 55), (0, 56), (0, 57), (0, 58), (0, 59), (0, 60), (0, 61), (0, 62), (0, 63), (0, 64), (0, 65), (0, 66), (0, 67), (0, 68), (0, 69), (0, 70), (0, 71), (0, 72), (0, 73), (0, 74), (0, 75), (0, 76), (0, 77), (0, 78), (0, 79), (0, 80), (0, 81), (0, 82), (0, 83), (0, 84), (0, 85), (0, 86), (0, 87), (0, 88), (0, 89), (0, 90), (0, 91), (0, 92), (0, 93), (0, 94), (0, 95), (0, 96), (0, 97), (0, 98), (0, 99), (0, 100), (0, 101), (0, 102), (0, 103), (0, 104), (0, 105), (0, 106), (0, 107), (0, 108), (0, 109), (0, 110), (0, 111), (0, 112), (0, 113), (0, 114), (0, 115), (0, 116), (0, 117), (0, 118), (0, 119), (0, 120), (0, 121), (0, 122), (0, 123), (0, 124), (0, 125), (0, 126), (0, 127), (0, 128), (0, 129), (0, 130), (0, 131), (0, 132), (0, 133), (0, 134), (0, 135), (0, 136), (0, 137), (0, 138), (0, 139), (0, 140), (0, 141), (0, 142), (0, 143), (0, 144), (0, 145), (0, 146), (0, 147), (0, 148), (0, 149), (0, 150), (0, 825), (0, 152), (0, 153), (0, 154), (0, 155), (0, 156), (0, 157), (0, 158), (0, 159), (0, 160), (0, 161), (0, 162), (0, 163), (0, 164), (0, 165), (0, 166), (0, 167), (0, 168), (0, 169), (0, 170), (0, 171), (0, 172), (0, 173), (0, 174), (0, 175), (0, 176), (0, 177), (0, 178), (0, 179), (0, 180), (0, 181), (0, 182), (0, 183), (0, 184), (0, 185), (0, 186), (0, 187), (0, 188), (0, 189), (0, 190), (0, 191), (0, 192), (0, 193), (0, 194), (0, 195), (0, 196), (0, 197), (0, 198), (0, 199), (0, 200), (0, 201), (0, 202), (0, 203), (0, 204), (0, 205), (0, 206), (0, 207), (0, 208), (0, 209), (0, 210), (0, 211), (0, 212), (0, 213), (0, 214), (0, 215), (0, 216), (0, 217), (0, 218), (0, 219), (0, 220), (0, 221), (0, 222), (0, 223), (0, 224), (0, 225), (0, 226), (0, 227), (0, 228), (0, 229), (0, 230), (0, 231), (0, 232), (0, 233), (0, 234), (0, 235), (0, 236), (0, 893), (0, 238), (0, 239), (0, 240), (0, 241), (0, 242), (0, 243), (0, 244), (0, 245), (0, 246), (0, 247), (0, 248), (0, 249), (0, 250), (0, 251), (0, 252), (0, 253), (0, 254), (0, 255), (0, 256), (0, 257), (0, 258), (0, 910), (0, 260), (0, 261), (0, 262), (0, 263), (0, 264), (0, 265), (0, 266), (0, 267), (0, 268), (0, 269), (0, 270), (0, 271), (0, 272), (0, 273), (0, 274), (0, 275), (0, 276), (0, 277), (0, 278), (0, 279), (0, 280), (0, 281), (0, 282), (0, 283), (0, 284), (0, 285), (0, 286), (0, 287), (0, 288), (0, 289), (0, 290), (0, 291), (0, 292), (0, 293), (0, 294), (0, 295), (0, 296), (0, 297), (0, 298), (0, 299), (0, 300), (0, 301), (0, 302), (0, 303), (0, 304), (0, 305), (0, 306), (0, 307), (0, 308), (0, 309), (0, 310), (0, 311), (0, 312), (0, 313), (0, 314), (0, 315), (0, 316), (0, 317), (0, 318), (0, 319), (0, 320), (0, 321), (0, 322), (0, 323), (0, 324), (0, 325), (0, 326), (0, 327), (0, 839), (0, 329), (0, 330), (0, 331), (0, 332), (0, 333), (0, 334), (0, 335), (0, 336), (0, 337), (0, 338), (0, 339), (0, 904), (0, 341), (0, 342), (0, 343), (0, 344), (0, 345), (0, 346), (0, 347), (0, 348), (0, 349), (0, 350), (0, 351), (0, 775), (0, 353), (0, 354), (0, 355), (0, 356), (0, 822), (0, 358), (0, 359), (0, 360), (0, 361), (0, 362), (0, 363), (0, 364), (0, 365), (0, 366), (0, 367), (0, 368), (0, 369), (0, 370), (0, 371), (0, 372), (0, 373), (0, 374), (0, 375), (0, 376), (0, 377), (0, 378), (0, 379), (0, 380), (0, 968), (0, 857), (0, 383), (0, 384), (0, 860), (0, 973), (0, 387), (0, 388), (0, 389), (0, 390), (0, 828), (0, 392), (0, 925), (0, 394), (0, 907), (0, 946), (0, 804), (0, 398), (0, 838), (0, 400), (0, 987), (0, 402), (0, 403), (0, 404), (0, 405), (0, 406), (0, 407), (0, 810), (0, 409), (0, 879), (0, 873), (0, 824), (0, 897), (0, 414), (0, 415), (0, 416), (0, 417), (0, 418), (0, 419), (0, 420), (0, 823), (0, 827), (0, 423), (0, 424), (0, 425), (0, 426), (0, 783), (0, 428), (0, 800), (0, 430), (0, 431), (0, 432), (0, 433), (0, 434), (0, 435), (0, 778), (0, 937), (0, 438), (0, 439), (0, 898), (0, 885), (0, 442), (0, 846), (0, 444), (0, 445), (0, 921), (0, 447), (0, 448), (0, 449), (0, 450), (0, 451), (0, 855), (0, 453), (0, 841), (0, 455), (0, 817), (0, 927), (0, 995), (0, 459), (0, 460), (0, 461), (0, 830), (0, 463), (0, 967), (0, 794), (0, 466), (0, 467), (0, 468), (0, 469), (0, 470), (0, 962), (0, 876), (0, 473), (0, 474), (0, 475), (0, 476), (0, 477), (0, 948), (0, 969), (0, 891), (0, 798), (0, 884), (0, 483), (0, 484), (0, 930), (0, 928), (0, 959), (0, 488), (0, 489), (0, 490), (0, 994), (0, 492), (0, 493), (0, 874), (0, 495), (0, 861), (0, 497), (0, 498), (0, 499), (0, 869), (0, 501), (0, 502), (0, 503), (0, 504), (0, 505), (0, 506), (0, 507), (0, 508), (0, 509), (0, 510), (0, 511), (0, 512), (0, 513), (0, 514), (0, 895), (0, 926), (0, 997), (0, 518), (0, 980), (0, 865), (0, 521), (0, 522), (0, 523), (0, 524), (0, 525), (0, 526), (0, 797), (0, 833), (0, 529), (0, 530), (0, 850), (0, 894), (0, 533), (0, 933), (0, 535), (0, 773), (0, 537), (0, 538), (0, 539), (0, 903), (0, 541), (0, 842), (0, 543), (0, 993), (0, 545), (0, 546), (0, 547), (0, 548), (0, 549), (0, 965), (0, 551), (0, 552), (0, 553), (0, 554), (0, 878), (0, 556), (0, 875), (0, 796), (0, 923), (0, 863), (0, 805), (0, 829), (0, 563), (0, 564), (0, 832), (0, 816), (0, 567), (0, 568), (0, 569), (0, 883), (0, 571), (0, 572), (0, 862), (0, 574), (0, 575), (0, 576), (0, 577), (0, 986), (0, 579), (0, 905), (0, 975), (0, 811), (0, 583), (0, 584), (0, 991), (0, 586), (0, 587), (0, 588), (0, 589), (0, 590), (0, 591), (0, 992), (0, 777), (0, 594), (0, 774), (0, 807), (0, 961), (0, 942), (0, 599), (0, 786), (0, 601), (0, 602), (0, 964), (0, 996), (0, 949), (0, 606), (0, 769), (0, 938), (0, 932), (0, 826), (0, 611), (0, 990), (0, 762), (0, 752), (0, 615), (0, 765), (0, 766), (0, 955), (0, 619), (0, 620), (0, 621), (0, 622), (0, 984), (0, 624), (0, 751), (0, 788), (0, 982), (0, 735), (0, 629), (0, 630), (0, 631), (0, 713), (0, 941), (0, 722), (0, 721), (0, 974), (0, 981), (0, 843), (0, 639), (0, 640), (0, 641), (0, 711), (0, 643), (0, 644), (0, 977), (0, 646), (0, 647), (0, 728), (0, 972), (0, 999), (0, 651), (0, 652), (0, 653), (0, 920), (0, 956), (0, 943), (0, 911), (0, 934), (0, 659), (0, 660), (0, 976), (0, 714), (0, 663), (0, 712), (0, 730), (0, 666), (0, 715), (0, 929), (0, 742), (0, 670), (0, 671), (0, 672), (0, 707), (0, 902), (0, 896), (0, 676), (0, 887), (0, 678), (0, 868), (0, 680), (0, 681), (0, 682), (0, 747), (0, 684), (0, 746), (0, 686), (0, 749), (0, 688), (0, 733), (0, 867), (0, 960), (0, 736), (0, 693), (0, 694), (0, 750), (0, 761), (0, 697), (0, 698), (0, 710)]
Residuals
[1.4473268101489119e-15]
0
[0, 1, 2, 3, 4, 5, 6, 7, 8, 9, 10, 11, 12, 13, 14, 15, 16, 17, 18, 19, 20, 21, 22, 23, 24, 25, 26, 27, 28, 29, 30, 31, 32, 33, 34, 35, 36, 37, 38, 39, 40, 41, 42, 43, 44, 881, 46, 47, 48, 49, 50, 51, 52, 53, 54, 55, 56, 57, 58, 59, 60, 61, 62, 63, 64, 65, 66, 67, 68, 69, 70, 71, 72, 73, 74, 75, 76, 77, 78, 79, 80, 81, 82, 83, 84, 85, 86, 87, 88, 89, 90, 91, 92, 93, 94, 95, 96, 97, 98, 99, 100, 101, 102, 103, 104, 105, 106, 107, 108, 109, 110, 111, 112, 113, 114, 115, 116, 117, 118, 119, 120, 121, 122, 123, 124, 125, 126, 127, 128, 129, 130, 131, 132, 133, 134, 135, 136, 137, 138, 139, 140, 141, 142, 143, 144, 145, 146, 147, 148, 149, 150, 825, 152, 153, 154, 155, 156, 157, 158, 159, 160, 161, 162, 163, 164, 165, 166, 167, 168, 169, 170, 171, 172, 173, 174, 175, 176, 177, 178, 179, 180, 181, 182, 183, 184, 185, 186, 187, 188, 189, 190, 191, 192, 193, 194, 195, 196, 197, 198, 199, 200, 201, 202, 203, 204, 205, 206, 207, 208, 209, 210, 211, 212, 213, 214, 215, 216, 217, 218, 219, 220, 221, 222, 223, 224, 225, 226, 227, 228, 229, 230, 231, 232, 233, 234, 235, 236, 893, 238, 239, 240, 241, 242, 243, 244, 245, 246, 247, 248, 249, 250, 251, 252, 253, 254, 255, 256, 257, 258, 910, 260, 261, 262, 263, 264, 265, 266, 267, 268, 269, 270, 271, 272, 273, 274, 275, 276, 277, 278, 279, 280, 281, 282, 283, 284, 285, 286, 287, 288, 289, 290, 291, 292, 293, 294, 295, 296, 297, 298, 299, 300, 301, 302, 303, 304, 305, 306, 307, 308, 309, 310, 311, 312, 313, 314, 315, 316, 317, 318, 319, 320, 321, 322, 323, 324, 325, 326, 327, 839, 329, 330, 331, 332, 333, 334, 335, 336, 337, 338, 339, 904, 341, 342, 343, 344, 345, 346, 347, 348, 349, 350, 351, 775, 353, 354, 355, 356, 822, 358, 359, 360, 361, 362, 363, 364, 365, 366, 367, 368, 369, 370, 371, 372, 373, 374, 375, 376, 377, 378, 379, 380, 968, 857, 383, 384, 860, 973, 387, 388, 389, 390, 828, 392, 925, 394, 907, 946, 804, 398, 838, 400, 987, 402, 403, 404, 405, 406, 407, 810, 409, 879, 873, 824, 897, 414, 415, 416, 417, 418, 419, 420, 823, 827, 423, 424, 425, 426, 783, 428, 800, 430, 431, 432, 433, 434, 435, 778, 937, 438, 439, 898, 885, 442, 846, 444, 445, 921, 447, 448, 449, 450, 451, 855, 453, 841, 455, 817, 927, 995, 459, 460, 461, 830, 463, 967, 794, 466, 467, 468, 469, 470, 962, 876, 473, 474, 475, 476, 477, 948, 969, 891, 798, 884, 483, 484, 930, 928, 959, 488, 489, 490, 994, 492, 493, 874, 495, 861, 497, 498, 499, 869, 501, 502, 503, 504, 505, 506, 507, 508, 509, 510, 511, 512, 513, 514, 895, 926, 997, 518, 980, 865, 521, 522, 523, 524, 525, 526, 797, 833, 529, 530, 850, 894, 533, 933, 535, 773, 537, 538, 539, 903, 541, 842, 543, 993, 545, 546, 547, 548, 549, 965, 551, 552, 553, 554, 878, 556, 875, 796, 923, 863, 805, 829, 563, 564, 832, 816, 567, 568, 569, 883, 571, 572, 862, 574, 575, 576, 577, 986, 579, 905, 975, 811, 583, 584, 991, 586, 587, 588, 589, 590, 591, 992, 777, 594, 774, 807, 961, 942, 599, 786, 601, 602, 964, 996, 949, 606, 769, 938, 932, 826, 611, 990, 762, 752, 615, 765, 766, 955, 619, 620, 621, 622, 984, 624, 751, 788, 982, 735, 629, 630, 631, 713, 941, 722, 721, 974, 981, 843, 639, 640, 641, 711, 643, 644, 977, 646, 647, 728, 972, 999, 651, 652, 653, 920, 956, 943, 911, 934, 659, 660, 976, 714, 663, 712, 730, 666, 715, 929, 742, 670, 671, 672, 707, 902, 896, 676, 887, 678, 868, 680, 681, 682, 747, 684, 746, 686, 749, 688, 733, 867, 960, 736, 693, 694, 750, 761, 697, 698, 710]
Epoch
1
Epoch time
412.17403531074524
Epoch 1, Loss 2.994337282180786
Epoch
2
Epoch time
414.24175667762756
Epoch 2, Loss 2.580850184559822
Epoch
3
Epoch time
413.08681178092957
Epoch 3, Loss 2.2550299762487414
Epoch
4
Epoch time
398.674387216568
Epoch 4, Loss 1.9921860395669937
Epoch
5
Epoch time
402.1844666004181
Epoch 5, Loss 1.7577367579936982
Epoch
6
Epoch time
400.4511320590973
Epoch 6, Loss 1.5305439265966416
Epoch
7
Epoch time
405.4120719432831
Epoch 7, Loss 1.3083432964086532
Epoch
8
Epoch time
403.4784348011017
Epoch 8, Loss 1.0874500219523906
Epoch
9
Epoch time
403.8280739784241
Epoch 9, Loss 0.8552950657904148
Epoch
10
Epoch time
402.5177044868469
Epoch 10, Loss 0.6578851275146007
Epoch
11
Epoch time
396.7835605144501
Epoch 11, Loss 0.4944543012008071
Epoch
12
Epoch time
406.7373933792114
Epoch 12, Loss 0.34696875739842653
Epoch
13
Epoch time
397.2976984977722
Epoch 13, Loss 0.25862705390900376
Epoch
14
Epoch time
402.73120379447937
Epoch 14, Loss 0.18624449200741947
Epoch
15
Epoch time
398.14592719078064
Epoch 15, Loss 0.11603821588587016
Epoch
16
Epoch time
399.7330572605133
Epoch 16, Loss 0.0831313500632532
Epoch
17
Epoch time
396.2561101913452
Epoch 17, Loss 0.06361114614107646
Epoch
18
Epoch time
400.5759792327881
Epoch 18, Loss 0.0731329491683282
Epoch
19
Epoch time
396.7555100917816
Epoch 19, Loss 0.06675312099326403
Epoch
20
Epoch time
5119.452817440033
Epoch 20, Loss 0.03316332890489139
Epoch 20
Selections count 700
Selections(Epoch, batch)
[(20, 0), (20, 1), (20, 2), (20, 3), (20, 4), (20, 5), (20, 6), (20, 7), (20, 8), (20, 9), (20, 10), (20, 11), (20, 12), (20, 13), (20, 14), (20, 15), (20, 16), (20, 17), (20, 18), (20, 19), (20, 20), (20, 21), (20, 22), (20, 23), (20, 24), (20, 25), (20, 26), (20, 27), (20, 28), (20, 29), (20, 30), (20, 31), (20, 32), (20, 33), (20, 34), (20, 35), (20, 36), (20, 37), (20, 38), (20, 39), (20, 40), (20, 41), (20, 42), (20, 43), (20, 44), (20, 881), (20, 46), (20, 47), (20, 48), (20, 49), (20, 50), (20, 51), (20, 52), (20, 53), (20, 54), (20, 55), (20, 56), (20, 57), (20, 58), (20, 59), (20, 60), (20, 61), (20, 62), (20, 63), (20, 64), (20, 65), (20, 66), (20, 67), (20, 68), (20, 69), (20, 70), (20, 71), (20, 72), (20, 73), (20, 74), (20, 75), (20, 76), (20, 77), (20, 78), (20, 79), (20, 80), (20, 81), (20, 82), (20, 83), (20, 84), (20, 85), (20, 86), (20, 87), (20, 88), (20, 89), (20, 90), (20, 91), (20, 92), (20, 93), (20, 94), (20, 95), (20, 96), (20, 97), (20, 98), (20, 99), (20, 100), (20, 101), (20, 102), (20, 103), (20, 104), (20, 105), (20, 106), (20, 107), (20, 108), (20, 109), (20, 110), (20, 111), (20, 112), (20, 113), (20, 114), (20, 115), (20, 116), (20, 117), (20, 118), (20, 119), (20, 120), (20, 121), (20, 122), (20, 123), (20, 124), (20, 125), (20, 126), (20, 127), (20, 128), (20, 129), (20, 130), (20, 131), (20, 132), (20, 133), (20, 134), (20, 135), (20, 136), (20, 137), (20, 138), (20, 139), (20, 140), (20, 141), (20, 142), (20, 143), (20, 144), (20, 145), (20, 146), (20, 147), (20, 148), (20, 149), (20, 150), (20, 825), (20, 152), (20, 153), (20, 154), (20, 155), (20, 156), (20, 157), (20, 158), (20, 159), (20, 160), (20, 161), (20, 162), (20, 163), (20, 164), (20, 165), (20, 166), (20, 167), (20, 168), (20, 169), (20, 170), (20, 171), (20, 172), (20, 173), (20, 174), (20, 175), (20, 176), (20, 177), (20, 178), (20, 179), (20, 180), (20, 181), (20, 182), (20, 183), (20, 184), (20, 185), (20, 186), (20, 187), (20, 188), (20, 189), (20, 190), (20, 191), (20, 192), (20, 929), (20, 194), (20, 195), (20, 487), (20, 197), (20, 198), (20, 199), (20, 200), (20, 201), (20, 662), (20, 840), (20, 958), (20, 596), (20, 206), (20, 207), (20, 208), (20, 209), (20, 210), (20, 211), (20, 966), (20, 213), (20, 851), (20, 215), (20, 216), (20, 217), (20, 218), (20, 219), (20, 220), (20, 221), (20, 925), (20, 223), (20, 224), (20, 225), (20, 226), (20, 227), (20, 151), (20, 229), (20, 230), (20, 456), (20, 232), (20, 867), (20, 705), (20, 702), (20, 236), (20, 893), (20, 238), (20, 239), (20, 240), (20, 241), (20, 242), (20, 243), (20, 244), (20, 814), (20, 246), (20, 247), (20, 248), (20, 795), (20, 914), (20, 251), (20, 580), (20, 253), (20, 254), (20, 632), (20, 256), (20, 257), (20, 496), (20, 910), (20, 260), (20, 261), (20, 262), (20, 263), (20, 264), (20, 265), (20, 266), (20, 802), (20, 763), (20, 993), (20, 270), (20, 609), (20, 272), (20, 273), (20, 704), (20, 275), (20, 276), (20, 277), (20, 278), (20, 279), (20, 280), (20, 281), (20, 282), (20, 975), (20, 284), (20, 285), (20, 286), (20, 287), (20, 834), (20, 289), (20, 290), (20, 291), (20, 292), (20, 293), (20, 294), (20, 295), (20, 296), (20, 608), (20, 298), (20, 299), (20, 300), (20, 301), (20, 302), (20, 303), (20, 304), (20, 820), (20, 791), (20, 307), (20, 308), (20, 642), (20, 310), (20, 311), (20, 312), (20, 743), (20, 314), (20, 315), (20, 316), (20, 781), (20, 318), (20, 319), (20, 320), (20, 321), (20, 610), (20, 323), (20, 386), (20, 771), (20, 326), (20, 327), (20, 839), (20, 329), (20, 330), (20, 331), (20, 332), (20, 333), (20, 334), (20, 335), (20, 336), (20, 337), (20, 570), (20, 457), (20, 845), (20, 341), (20, 342), (20, 343), (20, 344), (20, 901), (20, 687), (20, 347), (20, 874), (20, 612), (20, 350), (20, 351), (20, 775), (20, 559), (20, 354), (20, 458), (20, 634), (20, 822), (20, 691), (20, 880), (20, 740), (20, 361), (20, 362), (20, 708), (20, 364), (20, 365), (20, 748), (20, 443), (20, 368), (20, 369), (20, 370), (20, 371), (20, 372), (20, 494), (20, 374), (20, 375), (20, 376), (20, 970), (20, 378), (20, 772), (20, 380), (20, 968), (20, 517), (20, 383), (20, 454), (20, 860), (20, 391), (20, 387), (20, 388), (20, 389), (20, 390), (20, 749), (20, 392), (20, 582), (20, 681), (20, 907), (20, 566), (20, 738), (20, 398), (20, 719), (20, 400), (20, 987), (20, 402), (20, 403), (20, 404), (20, 405), (20, 406), (20, 806), (20, 810), (20, 409), (20, 879), (20, 873), (20, 824), (20, 558), (20, 414), (20, 741), (20, 416), (20, 417), (20, 418), (20, 471), (20, 420), (20, 823), (20, 827), (20, 423), (20, 424), (20, 425), (20, 426), (20, 754), (20, 716), (20, 800), (20, 430), (20, 431), (20, 432), (20, 433), (20, 434), (20, 637), (20, 778), (20, 937), (20, 973), (20, 439), (20, 898), (20, 885), (20, 699), (20, 846), (20, 444), (20, 445), (20, 921), (20, 447), (20, 448), (20, 837), (20, 450), (20, 451), (20, 855), (20, 453), (20, 888), (20, 455), (20, 817), (20, 927), (20, 803), (20, 909), (20, 725), (20, 461), (20, 613), (20, 463), (20, 967), (20, 794), (20, 466), (20, 467), (20, 468), (20, 789), (20, 470), (20, 357), (20, 876), (20, 473), (20, 474), (20, 475), (20, 945), (20, 477), (20, 948), (20, 969), (20, 891), (20, 798), (20, 516), (20, 483), (20, 732), (20, 930), (20, 928), (20, 959), (20, 667), (20, 489), (20, 490), (20, 328), (20, 492), (20, 493), (20, 908), (20, 495), (20, 745), (20, 578), (20, 498), (20, 499), (20, 542), (20, 633), (20, 532), (20, 790), (20, 504), (20, 505), (20, 506), (20, 507), (20, 508), (20, 509), (20, 510), (20, 437), (20, 512), (20, 513), (20, 514), (20, 393), (20, 658), (20, 995), (20, 518), (20, 980), (20, 865), (20, 521), (20, 522), (20, 523), (20, 524), (20, 525), (20, 526), (20, 797), (20, 833), (20, 529), (20, 831), (20, 486), (20, 654), (20, 533), (20, 729), (20, 535), (20, 773), (20, 537), (20, 808), (20, 706), (20, 903), (20, 541), (20, 842), (20, 543), (20, 635), (20, 545), (20, 546), (20, 547), (20, 548), (20, 549), (20, 965), (20, 551), (20, 552), (20, 764), (20, 585), (20, 878), (20, 385), (20, 875), (20, 664), (20, 923), (20, 863), (20, 805), (20, 829), (20, 563), (20, 564), (20, 832), (20, 816), (20, 567), (20, 568), (20, 569), (20, 883), (20, 571), (20, 572), (20, 862), (20, 574), (20, 575), (20, 482), (20, 577), (20, 986), (20, 441), (20, 905), (20, 692), (20, 811), (20, 583), (20, 999), (20, 936), (20, 586), (20, 753), (20, 821), (20, 709), (20, 590), (20, 591), (20, 422), (20, 777), (20, 594), (20, 774), (20, 951), (20, 961), (20, 942), (20, 799), (20, 786), (20, 957), (20, 602), (20, 964), (20, 892), (20, 988), (20, 606), (20, 858), (20, 259), (20, 932), (20, 826), (20, 611), (20, 990), (20, 479), (20, 752), (20, 478), (20, 765), (20, 899), (20, 491), (20, 696), (20, 890), (20, 621), (20, 622), (20, 984), (20, 952), (20, 561), (20, 677), (20, 982), (20, 735), (20, 629), (20, 630), (20, 631), (20, 603), (20, 941), (20, 947), (20, 770), (20, 974), (20, 981), (20, 852), (20, 639), (20, 640), (20, 641), (20, 915), (20, 540), (20, 644), (20, 787), (20, 690), (20, 647), (20, 978), (20, 972), (20, 882), (20, 843), (20, 652), (20, 897), (20, 920), (20, 724), (20, 943), (20, 971), (20, 45), (20, 382), (20, 660), (20, 976), (20, 714), (20, 663), (20, 712), (20, 607), (20, 666), (20, 715), (20, 872), (20, 919), (20, 685), (20, 718), (20, 672), (20, 707), (20, 902), (20, 896), (20, 676), (20, 887), (20, 996), (20, 600), (20, 918), (20, 668), (20, 682), (20, 747), (20, 684), (20, 656), (20, 768), (20, 421), (20, 998), (20, 938), (20, 413), (20, 960), (20, 440), (20, 693), (20, 626), (20, 750), (20, 581), (20, 697), (20, 698), (20, 550)]
Residuals
[1.4473268101489119e-15, 2.221542653468229e-15]
20
[0, 1, 2, 3, 4, 5, 6, 7, 8, 9, 10, 11, 12, 13, 14, 15, 16, 17, 18, 19, 20, 21, 22, 23, 24, 25, 26, 27, 28, 29, 30, 31, 32, 33, 34, 35, 36, 37, 38, 39, 40, 41, 42, 43, 44, 881, 46, 47, 48, 49, 50, 51, 52, 53, 54, 55, 56, 57, 58, 59, 60, 61, 62, 63, 64, 65, 66, 67, 68, 69, 70, 71, 72, 73, 74, 75, 76, 77, 78, 79, 80, 81, 82, 83, 84, 85, 86, 87, 88, 89, 90, 91, 92, 93, 94, 95, 96, 97, 98, 99, 100, 101, 102, 103, 104, 105, 106, 107, 108, 109, 110, 111, 112, 113, 114, 115, 116, 117, 118, 119, 120, 121, 122, 123, 124, 125, 126, 127, 128, 129, 130, 131, 132, 133, 134, 135, 136, 137, 138, 139, 140, 141, 142, 143, 144, 145, 146, 147, 148, 149, 150, 825, 152, 153, 154, 155, 156, 157, 158, 159, 160, 161, 162, 163, 164, 165, 166, 167, 168, 169, 170, 171, 172, 173, 174, 175, 176, 177, 178, 179, 180, 181, 182, 183, 184, 185, 186, 187, 188, 189, 190, 191, 192, 929, 194, 195, 487, 197, 198, 199, 200, 201, 662, 840, 958, 596, 206, 207, 208, 209, 210, 211, 966, 213, 851, 215, 216, 217, 218, 219, 220, 221, 925, 223, 224, 225, 226, 227, 151, 229, 230, 456, 232, 867, 705, 702, 236, 893, 238, 239, 240, 241, 242, 243, 244, 814, 246, 247, 248, 795, 914, 251, 580, 253, 254, 632, 256, 257, 496, 910, 260, 261, 262, 263, 264, 265, 266, 802, 763, 993, 270, 609, 272, 273, 704, 275, 276, 277, 278, 279, 280, 281, 282, 975, 284, 285, 286, 287, 834, 289, 290, 291, 292, 293, 294, 295, 296, 608, 298, 299, 300, 301, 302, 303, 304, 820, 791, 307, 308, 642, 310, 311, 312, 743, 314, 315, 316, 781, 318, 319, 320, 321, 610, 323, 386, 771, 326, 327, 839, 329, 330, 331, 332, 333, 334, 335, 336, 337, 570, 457, 845, 341, 342, 343, 344, 901, 687, 347, 874, 612, 350, 351, 775, 559, 354, 458, 634, 822, 691, 880, 740, 361, 362, 708, 364, 365, 748, 443, 368, 369, 370, 371, 372, 494, 374, 375, 376, 970, 378, 772, 380, 968, 517, 383, 454, 860, 391, 387, 388, 389, 390, 749, 392, 582, 681, 907, 566, 738, 398, 719, 400, 987, 402, 403, 404, 405, 406, 806, 810, 409, 879, 873, 824, 558, 414, 741, 416, 417, 418, 471, 420, 823, 827, 423, 424, 425, 426, 754, 716, 800, 430, 431, 432, 433, 434, 637, 778, 937, 973, 439, 898, 885, 699, 846, 444, 445, 921, 447, 448, 837, 450, 451, 855, 453, 888, 455, 817, 927, 803, 909, 725, 461, 613, 463, 967, 794, 466, 467, 468, 789, 470, 357, 876, 473, 474, 475, 945, 477, 948, 969, 891, 798, 516, 483, 732, 930, 928, 959, 667, 489, 490, 328, 492, 493, 908, 495, 745, 578, 498, 499, 542, 633, 532, 790, 504, 505, 506, 507, 508, 509, 510, 437, 512, 513, 514, 393, 658, 995, 518, 980, 865, 521, 522, 523, 524, 525, 526, 797, 833, 529, 831, 486, 654, 533, 729, 535, 773, 537, 808, 706, 903, 541, 842, 543, 635, 545, 546, 547, 548, 549, 965, 551, 552, 764, 585, 878, 385, 875, 664, 923, 863, 805, 829, 563, 564, 832, 816, 567, 568, 569, 883, 571, 572, 862, 574, 575, 482, 577, 986, 441, 905, 692, 811, 583, 999, 936, 586, 753, 821, 709, 590, 591, 422, 777, 594, 774, 951, 961, 942, 799, 786, 957, 602, 964, 892, 988, 606, 858, 259, 932, 826, 611, 990, 479, 752, 478, 765, 899, 491, 696, 890, 621, 622, 984, 952, 561, 677, 982, 735, 629, 630, 631, 603, 941, 947, 770, 974, 981, 852, 639, 640, 641, 915, 540, 644, 787, 690, 647, 978, 972, 882, 843, 652, 897, 920, 724, 943, 971, 45, 382, 660, 976, 714, 663, 712, 607, 666, 715, 872, 919, 685, 718, 672, 707, 902, 896, 676, 887, 996, 600, 918, 668, 682, 747, 684, 656, 768, 421, 998, 938, 413, 960, 440, 693, 626, 750, 581, 697, 698, 550]
Epoch
21
Epoch time
399.6983551979065
Epoch 21, Loss 0.014757471123011782
Epoch
22
Epoch time
406.10832166671753
Epoch 22, Loss 0.0021249726915557403
Epoch
23
Epoch time
398.5382561683655
Epoch 23, Loss 0.0004897097257053247
Epoch
24
Epoch time
397.8503212928772
Epoch 24, Loss 0.00027365488352370447
Epoch
25
Epoch time
402.9273989200592
Epoch 25, Loss 0.00022229997209797148
Epoch
26
Epoch time
396.7098696231842
Epoch 26, Loss 0.00019097767610946903
Epoch
27
Epoch time
418.1778898239136
Epoch 27, Loss 0.00016883803062228253
Epoch
28
Epoch time
433.1757845878601
Epoch 28, Loss 0.00015209571908053477
Epoch
29
Epoch time
398.07054352760315
Epoch 29, Loss 0.00013884311823494499
Epoch
30
Epoch time
412.7275438308716
Epoch 30, Loss 0.00012798868952086195
Epoch
31
Epoch time
393.6279058456421
Epoch 31, Loss 0.00011891908532561501
Epoch
32
Epoch time
401.1349997520447
Epoch 32, Loss 0.00011119602437247523
Epoch
33
Epoch time
397.7647898197174
Epoch 33, Loss 0.00010451064675726229
Epoch
34
Epoch time
407.7955119609833
Epoch 34, Loss 9.866711285758356e-05
Epoch
35
Epoch time
400.01744318008423
Epoch 35, Loss 9.350054428796284e-05
Epoch
36
Epoch time
404.21973395347595
Epoch 36, Loss 8.889465870379354e-05
Epoch
37
Epoch time
423.4071488380432
Epoch 37, Loss 8.475816236568789e-05
Epoch
38
Epoch time
391.8260877132416
Epoch 38, Loss 8.102546471673122e-05
Epoch
39
Epoch time
396.8965713977814
Epoch 39, Loss 7.763253689154226e-05
Epoch
40
Epoch time
5147.171935558319
Epoch 40, Loss 7.453343893575948e-05
Epoch 40
Selections count 700
Selections(Epoch, batch)
[(40, 0), (40, 1), (40, 2), (40, 3), (40, 4), (40, 5), (40, 6), (40, 7), (40, 8), (40, 9), (40, 10), (40, 11), (40, 12), (40, 13), (40, 14), (40, 15), (40, 16), (40, 17), (40, 18), (40, 19), (40, 20), (40, 21), (40, 22), (40, 23), (40, 24), (40, 25), (40, 26), (40, 27), (40, 28), (40, 29), (40, 30), (40, 31), (40, 32), (40, 33), (40, 34), (40, 35), (40, 36), (40, 37), (40, 38), (40, 39), (40, 40), (40, 41), (40, 42), (40, 43), (40, 44), (40, 881), (40, 46), (40, 47), (40, 48), (40, 49), (40, 50), (40, 51), (40, 52), (40, 53), (40, 54), (40, 55), (40, 56), (40, 57), (40, 58), (40, 59), (40, 60), (40, 61), (40, 62), (40, 63), (40, 64), (40, 65), (40, 66), (40, 67), (40, 68), (40, 69), (40, 70), (40, 71), (40, 72), (40, 73), (40, 74), (40, 75), (40, 76), (40, 77), (40, 78), (40, 79), (40, 80), (40, 81), (40, 82), (40, 83), (40, 84), (40, 85), (40, 86), (40, 87), (40, 88), (40, 89), (40, 90), (40, 91), (40, 92), (40, 93), (40, 94), (40, 95), (40, 96), (40, 97), (40, 98), (40, 99), (40, 100), (40, 101), (40, 102), (40, 103), (40, 104), (40, 105), (40, 106), (40, 107), (40, 108), (40, 109), (40, 110), (40, 111), (40, 112), (40, 113), (40, 114), (40, 115), (40, 116), (40, 117), (40, 118), (40, 119), (40, 120), (40, 121), (40, 122), (40, 123), (40, 124), (40, 125), (40, 126), (40, 127), (40, 128), (40, 129), (40, 130), (40, 131), (40, 132), (40, 133), (40, 134), (40, 135), (40, 136), (40, 137), (40, 138), (40, 139), (40, 140), (40, 141), (40, 142), (40, 143), (40, 144), (40, 145), (40, 146), (40, 147), (40, 148), (40, 149), (40, 150), (40, 825), (40, 152), (40, 153), (40, 154), (40, 155), (40, 156), (40, 157), (40, 158), (40, 159), (40, 160), (40, 161), (40, 162), (40, 163), (40, 164), (40, 165), (40, 166), (40, 167), (40, 168), (40, 169), (40, 170), (40, 171), (40, 172), (40, 173), (40, 174), (40, 175), (40, 176), (40, 177), (40, 178), (40, 179), (40, 180), (40, 181), (40, 182), (40, 183), (40, 184), (40, 185), (40, 186), (40, 187), (40, 188), (40, 189), (40, 407), (40, 191), (40, 192), (40, 929), (40, 194), (40, 195), (40, 487), (40, 197), (40, 198), (40, 199), (40, 200), (40, 201), (40, 662), (40, 840), (40, 958), (40, 596), (40, 206), (40, 207), (40, 208), (40, 209), (40, 210), (40, 211), (40, 966), (40, 213), (40, 851), (40, 215), (40, 216), (40, 217), (40, 218), (40, 219), (40, 220), (40, 221), (40, 233), (40, 223), (40, 472), (40, 225), (40, 226), (40, 227), (40, 151), (40, 229), (40, 230), (40, 456), (40, 232), (40, 442), (40, 705), (40, 702), (40, 236), (40, 893), (40, 238), (40, 239), (40, 240), (40, 695), (40, 242), (40, 243), (40, 244), (40, 814), (40, 246), (40, 247), (40, 248), (40, 795), (40, 914), (40, 251), (40, 580), (40, 253), (40, 359), (40, 632), (40, 256), (40, 257), (40, 496), (40, 910), (40, 260), (40, 261), (40, 262), (40, 263), (40, 859), (40, 265), (40, 266), (40, 802), (40, 763), (40, 723), (40, 270), (40, 609), (40, 272), (40, 273), (40, 704), (40, 275), (40, 276), (40, 277), (40, 278), (40, 279), (40, 280), (40, 281), (40, 282), (40, 683), (40, 284), (40, 285), (40, 286), (40, 287), (40, 834), (40, 289), (40, 290), (40, 291), (40, 292), (40, 293), (40, 294), (40, 295), (40, 296), (40, 608), (40, 298), (40, 299), (40, 300), (40, 301), (40, 302), (40, 303), (40, 304), (40, 820), (40, 791), (40, 307), (40, 308), (40, 642), (40, 310), (40, 311), (40, 312), (40, 743), (40, 314), (40, 315), (40, 316), (40, 781), (40, 318), (40, 319), (40, 320), (40, 321), (40, 610), (40, 323), (40, 386), (40, 771), (40, 326), (40, 327), (40, 938), (40, 329), (40, 330), (40, 331), (40, 332), (40, 333), (40, 334), (40, 335), (40, 336), (40, 337), (40, 570), (40, 457), (40, 845), (40, 341), (40, 342), (40, 343), (40, 344), (40, 901), (40, 687), (40, 347), (40, 538), (40, 889), (40, 350), (40, 351), (40, 775), (40, 559), (40, 354), (40, 785), (40, 634), (40, 822), (40, 691), (40, 880), (40, 740), (40, 361), (40, 362), (40, 708), (40, 364), (40, 365), (40, 748), (40, 979), (40, 368), (40, 369), (40, 370), (40, 371), (40, 372), (40, 494), (40, 374), (40, 375), (40, 376), (40, 970), (40, 378), (40, 772), (40, 380), (40, 968), (40, 517), (40, 707), (40, 918), (40, 860), (40, 391), (40, 387), (40, 388), (40, 389), (40, 390), (40, 480), (40, 392), (40, 582), (40, 681), (40, 995), (40, 566), (40, 649), (40, 398), (40, 719), (40, 400), (40, 987), (40, 402), (40, 222), (40, 404), (40, 405), (40, 406), (40, 806), (40, 810), (40, 409), (40, 879), (40, 679), (40, 999), (40, 558), (40, 779), (40, 741), (40, 416), (40, 417), (40, 418), (40, 471), (40, 420), (40, 823), (40, 827), (40, 767), (40, 548), (40, 425), (40, 426), (40, 754), (40, 716), (40, 800), (40, 430), (40, 431), (40, 432), (40, 433), (40, 434), (40, 637), (40, 778), (40, 937), (40, 519), (40, 439), (40, 898), (40, 885), (40, 699), (40, 846), (40, 444), (40, 445), (40, 921), (40, 447), (40, 448), (40, 595), (40, 450), (40, 503), (40, 855), (40, 540), (40, 888), (40, 455), (40, 817), (40, 927), (40, 803), (40, 909), (40, 725), (40, 461), (40, 613), (40, 463), (40, 967), (40, 794), (40, 466), (40, 467), (40, 468), (40, 789), (40, 470), (40, 357), (40, 876), (40, 473), (40, 960), (40, 475), (40, 945), (40, 592), (40, 948), (40, 969), (40, 891), (40, 798), (40, 516), (40, 483), (40, 732), (40, 930), (40, 766), (40, 959), (40, 667), (40, 489), (40, 836), (40, 328), (40, 492), (40, 824), (40, 908), (40, 495), (40, 745), (40, 578), (40, 584), (40, 499), (40, 542), (40, 633), (40, 532), (40, 790), (40, 504), (40, 505), (40, 506), (40, 507), (40, 508), (40, 509), (40, 510), (40, 974), (40, 512), (40, 513), (40, 514), (40, 393), (40, 658), (40, 616), (40, 518), (40, 980), (40, 865), (40, 521), (40, 522), (40, 523), (40, 993), (40, 922), (40, 655), (40, 797), (40, 833), (40, 360), (40, 831), (40, 486), (40, 654), (40, 533), (40, 729), (40, 535), (40, 773), (40, 537), (40, 808), (40, 911), (40, 996), (40, 541), (40, 842), (40, 543), (40, 837), (40, 449), (40, 546), (40, 547), (40, 384), (40, 549), (40, 965), (40, 551), (40, 552), (40, 764), (40, 585), (40, 878), (40, 385), (40, 875), (40, 664), (40, 488), (40, 863), (40, 805), (40, 829), (40, 530), (40, 854), (40, 832), (40, 816), (40, 567), (40, 568), (40, 569), (40, 883), (40, 571), (40, 572), (40, 862), (40, 574), (40, 575), (40, 482), (40, 923), (40, 986), (40, 973), (40, 905), (40, 692), (40, 811), (40, 583), (40, 749), (40, 936), (40, 586), (40, 753), (40, 821), (40, 709), (40, 590), (40, 591), (40, 422), (40, 777), (40, 594), (40, 324), (40, 951), (40, 961), (40, 942), (40, 799), (40, 786), (40, 957), (40, 602), (40, 964), (40, 892), (40, 988), (40, 606), (40, 858), (40, 259), (40, 932), (40, 826), (40, 611), (40, 990), (40, 479), (40, 752), (40, 478), (40, 935), (40, 899), (40, 491), (40, 917), (40, 890), (40, 621), (40, 622), (40, 984), (40, 952), (40, 561), (40, 949), (40, 982), (40, 735), (40, 629), (40, 630), (40, 631), (40, 603), (40, 941), (40, 947), (40, 770), (40, 565), (40, 981), (40, 852), (40, 639), (40, 640), (40, 641), (40, 204), (40, 355), (40, 644), (40, 787), (40, 690), (40, 647), (40, 659), (40, 972), (40, 882), (40, 843), (40, 652), (40, 897), (40, 920), (40, 724), (40, 943), (40, 971), (40, 796), (40, 382), (40, 660), (40, 976), (40, 714), (40, 663), (40, 712), (40, 607), (40, 666), (40, 715), (40, 872), (40, 978), (40, 685), (40, 718), (40, 672), (40, 395), (40, 902), (40, 896), (40, 676), (40, 887), (40, 873), (40, 600), (40, 733), (40, 668), (40, 682), (40, 747), (40, 684), (40, 656), (40, 768), (40, 421), (40, 998), (40, 377), (40, 413), (40, 534), (40, 440), (40, 693), (40, 626), (40, 750), (40, 581), (40, 459), (40, 698), (40, 550)]
Residuals
[1.4473268101489119e-15, 2.221542653468229e-15, 2.24268794536923e-15]
40
[0, 1, 2, 3, 4, 5, 6, 7, 8, 9, 10, 11, 12, 13, 14, 15, 16, 17, 18, 19, 20, 21, 22, 23, 24, 25, 26, 27, 28, 29, 30, 31, 32, 33, 34, 35, 36, 37, 38, 39, 40, 41, 42, 43, 44, 881, 46, 47, 48, 49, 50, 51, 52, 53, 54, 55, 56, 57, 58, 59, 60, 61, 62, 63, 64, 65, 66, 67, 68, 69, 70, 71, 72, 73, 74, 75, 76, 77, 78, 79, 80, 81, 82, 83, 84, 85, 86, 87, 88, 89, 90, 91, 92, 93, 94, 95, 96, 97, 98, 99, 100, 101, 102, 103, 104, 105, 106, 107, 108, 109, 110, 111, 112, 113, 114, 115, 116, 117, 118, 119, 120, 121, 122, 123, 124, 125, 126, 127, 128, 129, 130, 131, 132, 133, 134, 135, 136, 137, 138, 139, 140, 141, 142, 143, 144, 145, 146, 147, 148, 149, 150, 825, 152, 153, 154, 155, 156, 157, 158, 159, 160, 161, 162, 163, 164, 165, 166, 167, 168, 169, 170, 171, 172, 173, 174, 175, 176, 177, 178, 179, 180, 181, 182, 183, 184, 185, 186, 187, 188, 189, 407, 191, 192, 929, 194, 195, 487, 197, 198, 199, 200, 201, 662, 840, 958, 596, 206, 207, 208, 209, 210, 211, 966, 213, 851, 215, 216, 217, 218, 219, 220, 221, 233, 223, 472, 225, 226, 227, 151, 229, 230, 456, 232, 442, 705, 702, 236, 893, 238, 239, 240, 695, 242, 243, 244, 814, 246, 247, 248, 795, 914, 251, 580, 253, 359, 632, 256, 257, 496, 910, 260, 261, 262, 263, 859, 265, 266, 802, 763, 723, 270, 609, 272, 273, 704, 275, 276, 277, 278, 279, 280, 281, 282, 683, 284, 285, 286, 287, 834, 289, 290, 291, 292, 293, 294, 295, 296, 608, 298, 299, 300, 301, 302, 303, 304, 820, 791, 307, 308, 642, 310, 311, 312, 743, 314, 315, 316, 781, 318, 319, 320, 321, 610, 323, 386, 771, 326, 327, 938, 329, 330, 331, 332, 333, 334, 335, 336, 337, 570, 457, 845, 341, 342, 343, 344, 901, 687, 347, 538, 889, 350, 351, 775, 559, 354, 785, 634, 822, 691, 880, 740, 361, 362, 708, 364, 365, 748, 979, 368, 369, 370, 371, 372, 494, 374, 375, 376, 970, 378, 772, 380, 968, 517, 707, 918, 860, 391, 387, 388, 389, 390, 480, 392, 582, 681, 995, 566, 649, 398, 719, 400, 987, 402, 222, 404, 405, 406, 806, 810, 409, 879, 679, 999, 558, 779, 741, 416, 417, 418, 471, 420, 823, 827, 767, 548, 425, 426, 754, 716, 800, 430, 431, 432, 433, 434, 637, 778, 937, 519, 439, 898, 885, 699, 846, 444, 445, 921, 447, 448, 595, 450, 503, 855, 540, 888, 455, 817, 927, 803, 909, 725, 461, 613, 463, 967, 794, 466, 467, 468, 789, 470, 357, 876, 473, 960, 475, 945, 592, 948, 969, 891, 798, 516, 483, 732, 930, 766, 959, 667, 489, 836, 328, 492, 824, 908, 495, 745, 578, 584, 499, 542, 633, 532, 790, 504, 505, 506, 507, 508, 509, 510, 974, 512, 513, 514, 393, 658, 616, 518, 980, 865, 521, 522, 523, 993, 922, 655, 797, 833, 360, 831, 486, 654, 533, 729, 535, 773, 537, 808, 911, 996, 541, 842, 543, 837, 449, 546, 547, 384, 549, 965, 551, 552, 764, 585, 878, 385, 875, 664, 488, 863, 805, 829, 530, 854, 832, 816, 567, 568, 569, 883, 571, 572, 862, 574, 575, 482, 923, 986, 973, 905, 692, 811, 583, 749, 936, 586, 753, 821, 709, 590, 591, 422, 777, 594, 324, 951, 961, 942, 799, 786, 957, 602, 964, 892, 988, 606, 858, 259, 932, 826, 611, 990, 479, 752, 478, 935, 899, 491, 917, 890, 621, 622, 984, 952, 561, 949, 982, 735, 629, 630, 631, 603, 941, 947, 770, 565, 981, 852, 639, 640, 641, 204, 355, 644, 787, 690, 647, 659, 972, 882, 843, 652, 897, 920, 724, 943, 971, 796, 382, 660, 976, 714, 663, 712, 607, 666, 715, 872, 978, 685, 718, 672, 395, 902, 896, 676, 887, 873, 600, 733, 668, 682, 747, 684, 656, 768, 421, 998, 377, 413, 534, 440, 693, 626, 750, 581, 459, 698, 550]
Epoch
41
Epoch time
406.21325969696045
Epoch 41, Loss 7.169162479658552e-05
Epoch
42
Epoch time
428.28517842292786
Epoch 42, Loss 6.907095896713144e-05
Epoch
43
Epoch time
406.5042042732239
Epoch 43, Loss 6.664974383966183e-05
Epoch
44
Epoch time
393.8357689380646
Epoch 44, Loss 6.44003811012226e-05
Epoch
45
Epoch time
403.4517366886139
Epoch 45, Loss 6.23128728420852e-05
Epoch
46
Epoch time
392.52908396720886
Epoch 46, Loss 6.035994377270981e-05
Epoch
47
Epoch time
389.11690950393677
Epoch 47, Loss 5.853500651755894e-05
Epoch
48
Epoch time
392.94825553894043
Epoch 48, Loss 5.682334635275765e-05
Epoch
49
Epoch time
394.43559408187866
Epoch 49, Loss 5.5213554105648655e-05
Epoch
50
Epoch time
391.87817454338074
Epoch 50, Loss 5.369723491457989e-05
Epoch
51
Epoch time
387.39824390411377
Epoch 51, Loss 5.226613038576033e-05
Epoch
52
Epoch time
389.38868832588196
Epoch 52, Loss 5.0913110264446e-05
Epoch
53
Epoch time
388.94256806373596
Epoch 53, Loss 4.963309901359025e-05
Epoch
54
Epoch time
388.5418839454651
Epoch 54, Loss 4.841806158037798e-05
Epoch
55
Epoch time
389.1029167175293
Epoch 55, Loss 4.726459114499448e-05
Epoch
56
Epoch time
389.7471327781677
Epoch 56, Loss 4.616704093405133e-05
Epoch
57
Epoch time
390.5255699157715
Epoch 57, Loss 4.512160749436589e-05
Epoch
58
Epoch time
392.64358949661255
Epoch 58, Loss 4.4125052398158005e-05
Epoch
59
Epoch time
391.183452129364
Epoch 59, Loss 4.317340255056479e-05
Epoch
60
Epoch time
5101.4677674770355
Epoch 60, Loss 4.226328362437926e-05
Epoch 60
Selections count 700
Selections(Epoch, batch)
[(60, 0), (60, 1), (60, 2), (60, 3), (60, 4), (60, 5), (60, 6), (60, 7), (60, 8), (60, 9), (60, 10), (60, 11), (60, 12), (60, 13), (60, 14), (60, 15), (60, 16), (60, 17), (60, 18), (60, 19), (60, 20), (60, 21), (60, 22), (60, 23), (60, 24), (60, 25), (60, 26), (60, 27), (60, 28), (60, 29), (60, 30), (60, 31), (60, 32), (60, 33), (60, 34), (60, 35), (60, 36), (60, 37), (60, 38), (60, 39), (60, 40), (60, 41), (60, 42), (60, 43), (60, 44), (60, 881), (60, 46), (60, 47), (60, 48), (60, 49), (60, 50), (60, 51), (60, 52), (60, 53), (60, 54), (60, 55), (60, 56), (60, 57), (60, 58), (60, 59), (60, 60), (60, 61), (60, 62), (60, 63), (60, 64), (60, 65), (60, 66), (60, 67), (60, 68), (60, 69), (60, 70), (60, 71), (60, 72), (60, 73), (60, 74), (60, 75), (60, 76), (60, 77), (60, 78), (60, 79), (60, 80), (60, 81), (60, 82), (60, 83), (60, 84), (60, 85), (60, 86), (60, 87), (60, 88), (60, 89), (60, 965), (60, 91), (60, 92), (60, 93), (60, 94), (60, 95), (60, 96), (60, 97), (60, 98), (60, 99), (60, 100), (60, 101), (60, 102), (60, 103), (60, 104), (60, 105), (60, 106), (60, 597), (60, 108), (60, 109), (60, 110), (60, 111), (60, 112), (60, 113), (60, 114), (60, 115), (60, 116), (60, 117), (60, 118), (60, 119), (60, 120), (60, 121), (60, 122), (60, 123), (60, 124), (60, 125), (60, 126), (60, 127), (60, 128), (60, 129), (60, 130), (60, 131), (60, 132), (60, 133), (60, 134), (60, 135), (60, 136), (60, 137), (60, 138), (60, 139), (60, 140), (60, 141), (60, 142), (60, 143), (60, 144), (60, 145), (60, 146), (60, 147), (60, 148), (60, 149), (60, 150), (60, 825), (60, 152), (60, 153), (60, 154), (60, 155), (60, 156), (60, 157), (60, 158), (60, 159), (60, 160), (60, 161), (60, 162), (60, 163), (60, 164), (60, 165), (60, 166), (60, 167), (60, 168), (60, 169), (60, 170), (60, 171), (60, 172), (60, 173), (60, 174), (60, 175), (60, 176), (60, 177), (60, 178), (60, 179), (60, 254), (60, 181), (60, 508), (60, 183), (60, 184), (60, 185), (60, 186), (60, 187), (60, 188), (60, 189), (60, 407), (60, 191), (60, 192), (60, 929), (60, 194), (60, 195), (60, 487), (60, 197), (60, 198), (60, 199), (60, 200), (60, 201), (60, 662), (60, 840), (60, 958), (60, 596), (60, 206), (60, 207), (60, 208), (60, 209), (60, 210), (60, 544), (60, 966), (60, 213), (60, 851), (60, 215), (60, 216), (60, 217), (60, 218), (60, 219), (60, 220), (60, 221), (60, 233), (60, 223), (60, 472), (60, 225), (60, 226), (60, 227), (60, 151), (60, 229), (60, 230), (60, 456), (60, 232), (60, 618), (60, 705), (60, 702), (60, 236), (60, 893), (60, 238), (60, 239), (60, 240), (60, 695), (60, 242), (60, 243), (60, 244), (60, 814), (60, 246), (60, 247), (60, 248), (60, 795), (60, 612), (60, 251), (60, 580), (60, 253), (60, 497), (60, 939), (60, 256), (60, 257), (60, 496), (60, 910), (60, 260), (60, 261), (60, 262), (60, 263), (60, 859), (60, 265), (60, 266), (60, 802), (60, 763), (60, 723), (60, 270), (60, 609), (60, 272), (60, 258), (60, 704), (60, 275), (60, 276), (60, 277), (60, 278), (60, 366), (60, 280), (60, 281), (60, 282), (60, 783), (60, 284), (60, 285), (60, 286), (60, 287), (60, 834), (60, 289), (60, 290), (60, 291), (60, 680), (60, 293), (60, 294), (60, 295), (60, 296), (60, 608), (60, 462), (60, 299), (60, 300), (60, 301), (60, 302), (60, 303), (60, 304), (60, 820), (60, 675), (60, 635), (60, 308), (60, 642), (60, 310), (60, 311), (60, 312), (60, 743), (60, 314), (60, 315), (60, 316), (60, 781), (60, 318), (60, 319), (60, 320), (60, 999), (60, 916), (60, 323), (60, 386), (60, 771), (60, 903), (60, 401), (60, 539), (60, 329), (60, 330), (60, 331), (60, 332), (60, 333), (60, 334), (60, 335), (60, 336), (60, 337), (60, 570), (60, 457), (60, 845), (60, 341), (60, 342), (60, 343), (60, 344), (60, 901), (60, 687), (60, 347), (60, 563), (60, 564), (60, 350), (60, 351), (60, 775), (60, 397), (60, 354), (60, 785), (60, 634), (60, 822), (60, 691), (60, 880), (60, 740), (60, 361), (60, 362), (60, 708), (60, 364), (60, 365), (60, 748), (60, 979), (60, 368), (60, 895), (60, 370), (60, 371), (60, 372), (60, 494), (60, 374), (60, 375), (60, 376), (60, 970), (60, 378), (60, 772), (60, 380), (60, 975), (60, 517), (60, 707), (60, 918), (60, 860), (60, 391), (60, 387), (60, 388), (60, 389), (60, 390), (60, 480), (60, 392), (60, 582), (60, 306), (60, 955), (60, 566), (60, 835), (60, 398), (60, 719), (60, 400), (60, 987), (60, 402), (60, 222), (60, 404), (60, 405), (60, 406), (60, 806), (60, 810), (60, 409), (60, 879), (60, 679), (60, 869), (60, 460), (60, 779), (60, 741), (60, 416), (60, 417), (60, 628), (60, 471), (60, 420), (60, 823), (60, 827), (60, 767), (60, 548), (60, 425), (60, 426), (60, 754), (60, 716), (60, 800), (60, 430), (60, 431), (60, 432), (60, 433), (60, 434), (60, 637), (60, 778), (60, 874), (60, 519), (60, 439), (60, 898), (60, 671), (60, 699), (60, 846), (60, 444), (60, 445), (60, 921), (60, 447), (60, 448), (60, 868), (60, 450), (60, 477), (60, 855), (60, 545), (60, 888), (60, 455), (60, 817), (60, 927), (60, 803), (60, 909), (60, 725), (60, 461), (60, 613), (60, 463), (60, 967), (60, 615), (60, 466), (60, 467), (60, 468), (60, 789), (60, 470), (60, 357), (60, 876), (60, 473), (60, 621), (60, 475), (60, 945), (60, 592), (60, 948), (60, 969), (60, 891), (60, 798), (60, 516), (60, 483), (60, 732), (60, 973), (60, 766), (60, 959), (60, 667), (60, 794), (60, 836), (60, 774), (60, 492), (60, 824), (60, 908), (60, 495), (60, 745), (60, 578), (60, 584), (60, 499), (60, 542), (60, 633), (60, 532), (60, 790), (60, 504), (60, 505), (60, 506), (60, 507), (60, 643), (60, 509), (60, 510), (60, 974), (60, 512), (60, 513), (60, 514), (60, 393), (60, 658), (60, 616), (60, 518), (60, 980), (60, 865), (60, 521), (60, 522), (60, 523), (60, 383), (60, 922), (60, 655), (60, 797), (60, 833), (60, 360), (60, 831), (60, 765), (60, 654), (60, 533), (60, 729), (60, 525), (60, 773), (60, 537), (60, 808), (60, 911), (60, 996), (60, 541), (60, 842), (60, 543), (60, 274), (60, 449), (60, 546), (60, 547), (60, 309), (60, 549), (60, 190), (60, 551), (60, 552), (60, 764), (60, 585), (60, 878), (60, 385), (60, 875), (60, 664), (60, 949), (60, 863), (60, 805), (60, 829), (60, 530), (60, 854), (60, 832), (60, 816), (60, 567), (60, 568), (60, 569), (60, 883), (60, 571), (60, 572), (60, 862), (60, 437), (60, 575), (60, 482), (60, 923), (60, 493), (60, 720), (60, 905), (60, 252), (60, 811), (60, 583), (60, 746), (60, 936), (60, 586), (60, 677), (60, 821), (60, 709), (60, 590), (60, 591), (60, 422), (60, 777), (60, 594), (60, 749), (60, 951), (60, 961), (60, 942), (60, 799), (60, 786), (60, 957), (60, 602), (60, 964), (60, 892), (60, 988), (60, 606), (60, 858), (60, 259), (60, 932), (60, 826), (60, 611), (60, 990), (60, 479), (60, 752), (60, 478), (60, 935), (60, 899), (60, 761), (60, 710), (60, 931), (60, 997), (60, 995), (60, 984), (60, 952), (60, 561), (60, 925), (60, 982), (60, 735), (60, 753), (60, 630), (60, 631), (60, 938), (60, 941), (60, 947), (60, 770), (60, 565), (60, 981), (60, 250), (60, 639), (60, 736), (60, 641), (60, 733), (60, 355), (60, 644), (60, 787), (60, 690), (60, 647), (60, 659), (60, 972), (60, 882), (60, 843), (60, 652), (60, 897), (60, 920), (60, 724), (60, 943), (60, 971), (60, 796), (60, 382), (60, 660), (60, 976), (60, 714), (60, 663), (60, 712), (60, 934), (60, 666), (60, 715), (60, 373), (60, 978), (60, 685), (60, 872), (60, 672), (60, 419), (60, 902), (60, 896), (60, 676), (60, 887), (60, 873), (60, 600), (60, 474), (60, 424), (60, 682), (60, 747), (60, 684), (60, 656), (60, 867), (60, 421), (60, 998), (60, 629), (60, 413), (60, 325), (60, 440), (60, 693), (60, 791), (60, 750), (60, 581), (60, 403), (60, 698), (60, 550)]
Residuals
[1.4473268101489119e-15, 2.221542653468229e-15, 2.24268794536923e-15, 5.057345858432105e-15]
60
[0, 1, 2, 3, 4, 5, 6, 7, 8, 9, 10, 11, 12, 13, 14, 15, 16, 17, 18, 19, 20, 21, 22, 23, 24, 25, 26, 27, 28, 29, 30, 31, 32, 33, 34, 35, 36, 37, 38, 39, 40, 41, 42, 43, 44, 881, 46, 47, 48, 49, 50, 51, 52, 53, 54, 55, 56, 57, 58, 59, 60, 61, 62, 63, 64, 65, 66, 67, 68, 69, 70, 71, 72, 73, 74, 75, 76, 77, 78, 79, 80, 81, 82, 83, 84, 85, 86, 87, 88, 89, 965, 91, 92, 93, 94, 95, 96, 97, 98, 99, 100, 101, 102, 103, 104, 105, 106, 597, 108, 109, 110, 111, 112, 113, 114, 115, 116, 117, 118, 119, 120, 121, 122, 123, 124, 125, 126, 127, 128, 129, 130, 131, 132, 133, 134, 135, 136, 137, 138, 139, 140, 141, 142, 143, 144, 145, 146, 147, 148, 149, 150, 825, 152, 153, 154, 155, 156, 157, 158, 159, 160, 161, 162, 163, 164, 165, 166, 167, 168, 169, 170, 171, 172, 173, 174, 175, 176, 177, 178, 179, 254, 181, 508, 183, 184, 185, 186, 187, 188, 189, 407, 191, 192, 929, 194, 195, 487, 197, 198, 199, 200, 201, 662, 840, 958, 596, 206, 207, 208, 209, 210, 544, 966, 213, 851, 215, 216, 217, 218, 219, 220, 221, 233, 223, 472, 225, 226, 227, 151, 229, 230, 456, 232, 618, 705, 702, 236, 893, 238, 239, 240, 695, 242, 243, 244, 814, 246, 247, 248, 795, 612, 251, 580, 253, 497, 939, 256, 257, 496, 910, 260, 261, 262, 263, 859, 265, 266, 802, 763, 723, 270, 609, 272, 258, 704, 275, 276, 277, 278, 366, 280, 281, 282, 783, 284, 285, 286, 287, 834, 289, 290, 291, 680, 293, 294, 295, 296, 608, 462, 299, 300, 301, 302, 303, 304, 820, 675, 635, 308, 642, 310, 311, 312, 743, 314, 315, 316, 781, 318, 319, 320, 999, 916, 323, 386, 771, 903, 401, 539, 329, 330, 331, 332, 333, 334, 335, 336, 337, 570, 457, 845, 341, 342, 343, 344, 901, 687, 347, 563, 564, 350, 351, 775, 397, 354, 785, 634, 822, 691, 880, 740, 361, 362, 708, 364, 365, 748, 979, 368, 895, 370, 371, 372, 494, 374, 375, 376, 970, 378, 772, 380, 975, 517, 707, 918, 860, 391, 387, 388, 389, 390, 480, 392, 582, 306, 955, 566, 835, 398, 719, 400, 987, 402, 222, 404, 405, 406, 806, 810, 409, 879, 679, 869, 460, 779, 741, 416, 417, 628, 471, 420, 823, 827, 767, 548, 425, 426, 754, 716, 800, 430, 431, 432, 433, 434, 637, 778, 874, 519, 439, 898, 671, 699, 846, 444, 445, 921, 447, 448, 868, 450, 477, 855, 545, 888, 455, 817, 927, 803, 909, 725, 461, 613, 463, 967, 615, 466, 467, 468, 789, 470, 357, 876, 473, 621, 475, 945, 592, 948, 969, 891, 798, 516, 483, 732, 973, 766, 959, 667, 794, 836, 774, 492, 824, 908, 495, 745, 578, 584, 499, 542, 633, 532, 790, 504, 505, 506, 507, 643, 509, 510, 974, 512, 513, 514, 393, 658, 616, 518, 980, 865, 521, 522, 523, 383, 922, 655, 797, 833, 360, 831, 765, 654, 533, 729, 525, 773, 537, 808, 911, 996, 541, 842, 543, 274, 449, 546, 547, 309, 549, 190, 551, 552, 764, 585, 878, 385, 875, 664, 949, 863, 805, 829, 530, 854, 832, 816, 567, 568, 569, 883, 571, 572, 862, 437, 575, 482, 923, 493, 720, 905, 252, 811, 583, 746, 936, 586, 677, 821, 709, 590, 591, 422, 777, 594, 749, 951, 961, 942, 799, 786, 957, 602, 964, 892, 988, 606, 858, 259, 932, 826, 611, 990, 479, 752, 478, 935, 899, 761, 710, 931, 997, 995, 984, 952, 561, 925, 982, 735, 753, 630, 631, 938, 941, 947, 770, 565, 981, 250, 639, 736, 641, 733, 355, 644, 787, 690, 647, 659, 972, 882, 843, 652, 897, 920, 724, 943, 971, 796, 382, 660, 976, 714, 663, 712, 934, 666, 715, 373, 978, 685, 872, 672, 419, 902, 896, 676, 887, 873, 600, 474, 424, 682, 747, 684, 656, 867, 421, 998, 629, 413, 325, 440, 693, 791, 750, 581, 403, 698, 550]
Epoch
61
Epoch time
383.42753982543945
Epoch 61, Loss 4.1393304816665474e-05
Epoch
62
Epoch time
381.3239312171936
Epoch 62, Loss 4.055874477580801e-05
Epoch
63
Epoch time
385.3742687702179
Epoch 63, Loss 3.9759221773238096e-05
Epoch
64
Epoch time
386.1300632953644
Epoch 64, Loss 3.899286678370117e-05
Epoch
65
Epoch time
384.13209652900696
Epoch 65, Loss 3.825627795868058e-05
Epoch
66
Epoch time
383.77641916275024
Epoch 66, Loss 3.754839864177484e-05
Epoch
67
Epoch time
386.6317389011383
Epoch 67, Loss 3.686676506640652e-05
Epoch
68
Epoch time
385.51621890068054
Epoch 68, Loss 3.621053640472383e-05
Epoch
69
Epoch time
383.6087441444397
Epoch 69, Loss 3.557824029394396e-05
Epoch
70
Epoch time
384.8907561302185
Epoch 70, Loss 3.496866602836235e-05
Epoch
71
Epoch time
384.44335746765137
Epoch 71, Loss 3.4380162635898156e-05
Epoch
72
Epoch time
384.01745319366455
Epoch 72, Loss 3.381195820929861e-05
Epoch
73
Epoch time
384.55455780029297
Epoch 73, Loss 3.3263254620578666e-05
Epoch
74
Epoch time
385.61953949928284
Epoch 74, Loss 3.2732710254094854e-05
Epoch
75
Epoch time
385.4910719394684
Epoch 75, Loss 3.221888277585094e-05
Epoch
76
Epoch time
388.8077862262726
Epoch 76, Loss 3.172171189999062e-05
Epoch
77
Epoch time
386.0265030860901
Epoch 77, Loss 3.124009651492088e-05
Epoch
78
Epoch time
386.02415204048157
Epoch 78, Loss 3.0773290057368286e-05
Epoch
79
Epoch time
385.90143179893494
Epoch 79, Loss 3.0321033415020794e-05
Epoch
80
Epoch time
5087.088510990143
Epoch 80, Loss 2.9882395338972855e-05
Epoch 80
Selections count 700
Selections(Epoch, batch)
[(80, 0), (80, 1), (80, 2), (80, 3), (80, 4), (80, 5), (80, 6), (80, 7), (80, 8), (80, 9), (80, 10), (80, 11), (80, 12), (80, 13), (80, 14), (80, 15), (80, 16), (80, 17), (80, 18), (80, 19), (80, 20), (80, 21), (80, 22), (80, 23), (80, 24), (80, 25), (80, 26), (80, 27), (80, 28), (80, 29), (80, 30), (80, 31), (80, 32), (80, 33), (80, 34), (80, 35), (80, 36), (80, 37), (80, 38), (80, 39), (80, 40), (80, 41), (80, 42), (80, 43), (80, 44), (80, 881), (80, 46), (80, 47), (80, 48), (80, 49), (80, 50), (80, 51), (80, 52), (80, 53), (80, 54), (80, 55), (80, 56), (80, 57), (80, 58), (80, 59), (80, 60), (80, 61), (80, 62), (80, 63), (80, 64), (80, 65), (80, 66), (80, 67), (80, 68), (80, 69), (80, 70), (80, 71), (80, 72), (80, 73), (80, 74), (80, 75), (80, 76), (80, 77), (80, 78), (80, 79), (80, 80), (80, 81), (80, 82), (80, 83), (80, 84), (80, 85), (80, 86), (80, 87), (80, 88), (80, 89), (80, 965), (80, 91), (80, 92), (80, 93), (80, 94), (80, 95), (80, 96), (80, 97), (80, 98), (80, 99), (80, 100), (80, 101), (80, 102), (80, 103), (80, 104), (80, 105), (80, 106), (80, 597), (80, 108), (80, 109), (80, 110), (80, 111), (80, 112), (80, 113), (80, 114), (80, 115), (80, 116), (80, 117), (80, 118), (80, 119), (80, 120), (80, 121), (80, 122), (80, 123), (80, 124), (80, 125), (80, 126), (80, 127), (80, 128), (80, 129), (80, 130), (80, 131), (80, 132), (80, 133), (80, 134), (80, 135), (80, 136), (80, 137), (80, 138), (80, 139), (80, 140), (80, 141), (80, 142), (80, 143), (80, 144), (80, 145), (80, 146), (80, 147), (80, 148), (80, 149), (80, 150), (80, 825), (80, 152), (80, 153), (80, 154), (80, 155), (80, 156), (80, 157), (80, 158), (80, 159), (80, 160), (80, 161), (80, 162), (80, 163), (80, 164), (80, 165), (80, 166), (80, 167), (80, 168), (80, 169), (80, 170), (80, 171), (80, 172), (80, 173), (80, 174), (80, 175), (80, 176), (80, 177), (80, 178), (80, 179), (80, 254), (80, 181), (80, 508), (80, 183), (80, 184), (80, 185), (80, 186), (80, 187), (80, 188), (80, 189), (80, 407), (80, 191), (80, 192), (80, 929), (80, 194), (80, 195), (80, 487), (80, 197), (80, 198), (80, 199), (80, 200), (80, 201), (80, 662), (80, 840), (80, 958), (80, 596), (80, 206), (80, 207), (80, 208), (80, 209), (80, 210), (80, 544), (80, 966), (80, 213), (80, 851), (80, 215), (80, 216), (80, 217), (80, 218), (80, 219), (80, 220), (80, 221), (80, 973), (80, 223), (80, 472), (80, 225), (80, 226), (80, 227), (80, 151), (80, 229), (80, 230), (80, 456), (80, 232), (80, 618), (80, 705), (80, 702), (80, 236), (80, 893), (80, 849), (80, 239), (80, 240), (80, 695), (80, 242), (80, 243), (80, 244), (80, 814), (80, 246), (80, 247), (80, 248), (80, 795), (80, 612), (80, 251), (80, 580), (80, 253), (80, 489), (80, 939), (80, 256), (80, 623), (80, 496), (80, 910), (80, 260), (80, 261), (80, 262), (80, 263), (80, 859), (80, 265), (80, 266), (80, 802), (80, 763), (80, 723), (80, 270), (80, 607), (80, 272), (80, 692), (80, 782), (80, 275), (80, 276), (80, 277), (80, 278), (80, 500), (80, 280), (80, 281), (80, 282), (80, 783), (80, 284), (80, 285), (80, 286), (80, 287), (80, 834), (80, 289), (80, 290), (80, 291), (80, 749), (80, 293), (80, 294), (80, 295), (80, 296), (80, 608), (80, 462), (80, 299), (80, 720), (80, 301), (80, 302), (80, 303), (80, 304), (80, 820), (80, 675), (80, 635), (80, 308), (80, 642), (80, 310), (80, 311), (80, 312), (80, 743), (80, 314), (80, 315), (80, 968), (80, 781), (80, 318), (80, 319), (80, 320), (80, 999), (80, 916), (80, 323), (80, 386), (80, 771), (80, 903), (80, 401), (80, 279), (80, 329), (80, 330), (80, 331), (80, 332), (80, 333), (80, 334), (80, 335), (80, 336), (80, 337), (80, 570), (80, 457), (80, 845), (80, 341), (80, 342), (80, 343), (80, 344), (80, 901), (80, 687), (80, 347), (80, 563), (80, 564), (80, 350), (80, 351), (80, 775), (80, 497), (80, 354), (80, 785), (80, 634), (80, 822), (80, 691), (80, 880), (80, 740), (80, 361), (80, 362), (80, 708), (80, 364), (80, 365), (80, 748), (80, 979), (80, 368), (80, 710), (80, 370), (80, 371), (80, 372), (80, 494), (80, 374), (80, 375), (80, 376), (80, 970), (80, 378), (80, 772), (80, 380), (80, 674), (80, 517), (80, 707), (80, 918), (80, 860), (80, 391), (80, 387), (80, 388), (80, 389), (80, 390), (80, 480), (80, 392), (80, 582), (80, 306), (80, 441), (80, 566), (80, 835), (80, 398), (80, 719), (80, 400), (80, 987), (80, 402), (80, 706), (80, 404), (80, 405), (80, 406), (80, 806), (80, 810), (80, 409), (80, 879), (80, 679), (80, 683), (80, 460), (80, 779), (80, 741), (80, 416), (80, 417), (80, 628), (80, 471), (80, 420), (80, 823), (80, 827), (80, 767), (80, 717), (80, 425), (80, 426), (80, 754), (80, 716), (80, 800), (80, 430), (80, 431), (80, 432), (80, 433), (80, 434), (80, 637), (80, 778), (80, 874), (80, 519), (80, 439), (80, 898), (80, 671), (80, 699), (80, 846), (80, 444), (80, 445), (80, 921), (80, 447), (80, 448), (80, 868), (80, 450), (80, 477), (80, 855), (80, 458), (80, 888), (80, 455), (80, 917), (80, 540), (80, 803), (80, 909), (80, 725), (80, 461), (80, 613), (80, 463), (80, 967), (80, 615), (80, 466), (80, 467), (80, 468), (80, 789), (80, 470), (80, 978), (80, 876), (80, 473), (80, 621), (80, 475), (80, 945), (80, 592), (80, 948), (80, 969), (80, 891), (80, 798), (80, 516), (80, 483), (80, 732), (80, 526), (80, 753), (80, 890), (80, 667), (80, 935), (80, 836), (80, 774), (80, 492), (80, 824), (80, 908), (80, 784), (80, 745), (80, 578), (80, 584), (80, 499), (80, 542), (80, 633), (80, 532), (80, 790), (80, 504), (80, 505), (80, 506), (80, 507), (80, 643), (80, 509), (80, 510), (80, 974), (80, 512), (80, 513), (80, 514), (80, 393), (80, 658), (80, 616), (80, 518), (80, 980), (80, 865), (80, 521), (80, 522), (80, 523), (80, 383), (80, 922), (80, 655), (80, 797), (80, 833), (80, 360), (80, 831), (80, 765), (80, 654), (80, 533), (80, 729), (80, 525), (80, 773), (80, 537), (80, 808), (80, 911), (80, 996), (80, 541), (80, 842), (80, 543), (80, 307), (80, 960), (80, 546), (80, 547), (80, 309), (80, 549), (80, 190), (80, 551), (80, 552), (80, 764), (80, 585), (80, 878), (80, 817), (80, 875), (80, 664), (80, 949), (80, 863), (80, 805), (80, 829), (80, 530), (80, 724), (80, 832), (80, 816), (80, 567), (80, 568), (80, 569), (80, 883), (80, 571), (80, 572), (80, 862), (80, 437), (80, 575), (80, 482), (80, 955), (80, 410), (80, 696), (80, 905), (80, 690), (80, 811), (80, 583), (80, 746), (80, 997), (80, 586), (80, 677), (80, 821), (80, 709), (80, 590), (80, 591), (80, 422), (80, 777), (80, 594), (80, 673), (80, 951), (80, 961), (80, 942), (80, 919), (80, 786), (80, 957), (80, 602), (80, 964), (80, 892), (80, 988), (80, 606), (80, 769), (80, 259), (80, 932), (80, 826), (80, 611), (80, 990), (80, 479), (80, 752), (80, 923), (80, 768), (80, 899), (80, 761), (80, 640), (80, 977), (80, 959), (80, 995), (80, 984), (80, 952), (80, 561), (80, 255), (80, 982), (80, 735), (80, 645), (80, 630), (80, 631), (80, 938), (80, 941), (80, 947), (80, 770), (80, 927), (80, 981), (80, 250), (80, 639), (80, 736), (80, 641), (80, 733), (80, 355), (80, 644), (80, 787), (80, 377), (80, 647), (80, 659), (80, 972), (80, 882), (80, 843), (80, 652), (80, 897), (80, 920), (80, 989), (80, 943), (80, 971), (80, 796), (80, 382), (80, 660), (80, 976), (80, 714), (80, 663), (80, 712), (80, 711), (80, 666), (80, 715), (80, 373), (80, 632), (80, 992), (80, 872), (80, 672), (80, 419), (80, 902), (80, 896), (80, 676), (80, 451), (80, 873), (80, 600), (80, 474), (80, 626), (80, 682), (80, 747), (80, 684), (80, 656), (80, 867), (80, 421), (80, 998), (80, 629), (80, 413), (80, 668), (80, 440), (80, 693), (80, 791), (80, 750), (80, 581), (80, 403), (80, 698), (80, 550)]
Residuals
[1.4473268101489119e-15, 2.221542653468229e-15, 2.24268794536923e-15, 5.057345858432105e-15, 2.7789738511727766e-15]
80
[0, 1, 2, 3, 4, 5, 6, 7, 8, 9, 10, 11, 12, 13, 14, 15, 16, 17, 18, 19, 20, 21, 22, 23, 24, 25, 26, 27, 28, 29, 30, 31, 32, 33, 34, 35, 36, 37, 38, 39, 40, 41, 42, 43, 44, 881, 46, 47, 48, 49, 50, 51, 52, 53, 54, 55, 56, 57, 58, 59, 60, 61, 62, 63, 64, 65, 66, 67, 68, 69, 70, 71, 72, 73, 74, 75, 76, 77, 78, 79, 80, 81, 82, 83, 84, 85, 86, 87, 88, 89, 965, 91, 92, 93, 94, 95, 96, 97, 98, 99, 100, 101, 102, 103, 104, 105, 106, 597, 108, 109, 110, 111, 112, 113, 114, 115, 116, 117, 118, 119, 120, 121, 122, 123, 124, 125, 126, 127, 128, 129, 130, 131, 132, 133, 134, 135, 136, 137, 138, 139, 140, 141, 142, 143, 144, 145, 146, 147, 148, 149, 150, 825, 152, 153, 154, 155, 156, 157, 158, 159, 160, 161, 162, 163, 164, 165, 166, 167, 168, 169, 170, 171, 172, 173, 174, 175, 176, 177, 178, 179, 254, 181, 508, 183, 184, 185, 186, 187, 188, 189, 407, 191, 192, 929, 194, 195, 487, 197, 198, 199, 200, 201, 662, 840, 958, 596, 206, 207, 208, 209, 210, 544, 966, 213, 851, 215, 216, 217, 218, 219, 220, 221, 973, 223, 472, 225, 226, 227, 151, 229, 230, 456, 232, 618, 705, 702, 236, 893, 849, 239, 240, 695, 242, 243, 244, 814, 246, 247, 248, 795, 612, 251, 580, 253, 489, 939, 256, 623, 496, 910, 260, 261, 262, 263, 859, 265, 266, 802, 763, 723, 270, 607, 272, 692, 782, 275, 276, 277, 278, 500, 280, 281, 282, 783, 284, 285, 286, 287, 834, 289, 290, 291, 749, 293, 294, 295, 296, 608, 462, 299, 720, 301, 302, 303, 304, 820, 675, 635, 308, 642, 310, 311, 312, 743, 314, 315, 968, 781, 318, 319, 320, 999, 916, 323, 386, 771, 903, 401, 279, 329, 330, 331, 332, 333, 334, 335, 336, 337, 570, 457, 845, 341, 342, 343, 344, 901, 687, 347, 563, 564, 350, 351, 775, 497, 354, 785, 634, 822, 691, 880, 740, 361, 362, 708, 364, 365, 748, 979, 368, 710, 370, 371, 372, 494, 374, 375, 376, 970, 378, 772, 380, 674, 517, 707, 918, 860, 391, 387, 388, 389, 390, 480, 392, 582, 306, 441, 566, 835, 398, 719, 400, 987, 402, 706, 404, 405, 406, 806, 810, 409, 879, 679, 683, 460, 779, 741, 416, 417, 628, 471, 420, 823, 827, 767, 717, 425, 426, 754, 716, 800, 430, 431, 432, 433, 434, 637, 778, 874, 519, 439, 898, 671, 699, 846, 444, 445, 921, 447, 448, 868, 450, 477, 855, 458, 888, 455, 917, 540, 803, 909, 725, 461, 613, 463, 967, 615, 466, 467, 468, 789, 470, 978, 876, 473, 621, 475, 945, 592, 948, 969, 891, 798, 516, 483, 732, 526, 753, 890, 667, 935, 836, 774, 492, 824, 908, 784, 745, 578, 584, 499, 542, 633, 532, 790, 504, 505, 506, 507, 643, 509, 510, 974, 512, 513, 514, 393, 658, 616, 518, 980, 865, 521, 522, 523, 383, 922, 655, 797, 833, 360, 831, 765, 654, 533, 729, 525, 773, 537, 808, 911, 996, 541, 842, 543, 307, 960, 546, 547, 309, 549, 190, 551, 552, 764, 585, 878, 817, 875, 664, 949, 863, 805, 829, 530, 724, 832, 816, 567, 568, 569, 883, 571, 572, 862, 437, 575, 482, 955, 410, 696, 905, 690, 811, 583, 746, 997, 586, 677, 821, 709, 590, 591, 422, 777, 594, 673, 951, 961, 942, 919, 786, 957, 602, 964, 892, 988, 606, 769, 259, 932, 826, 611, 990, 479, 752, 923, 768, 899, 761, 640, 977, 959, 995, 984, 952, 561, 255, 982, 735, 645, 630, 631, 938, 941, 947, 770, 927, 981, 250, 639, 736, 641, 733, 355, 644, 787, 377, 647, 659, 972, 882, 843, 652, 897, 920, 989, 943, 971, 796, 382, 660, 976, 714, 663, 712, 711, 666, 715, 373, 632, 992, 872, 672, 419, 902, 896, 676, 451, 873, 600, 474, 626, 682, 747, 684, 656, 867, 421, 998, 629, 413, 668, 440, 693, 791, 750, 581, 403, 698, 550]
Epoch
81
Epoch time
386.2789046764374
Epoch 81, Loss 2.9456410814418634e-05
Epoch
82
Epoch time
384.54121923446655
Epoch 82, Loss 2.9043246618130068e-05
Epoch
83
Epoch time
385.44933676719666
Epoch 83, Loss 2.8642189821766806e-05
Epoch
84
Epoch time
386.38418436050415
Epoch 84, Loss 2.8252010268261074e-05
Epoch
85
Epoch time
387.24844622612
Epoch 85, Loss 2.7872731456227483e-05
Epoch
86
Epoch time
387.70293140411377
Epoch 86, Loss 2.750340102284099e-05
Epoch
87
Epoch time
385.73934412002563
Epoch 87, Loss 2.7144437795868727e-05
Epoch
88
Epoch time
387.0796043872833
Epoch 88, Loss 2.6795241041327245e-05
Epoch
89
Epoch time
385.34496092796326
Epoch 89, Loss 2.6454769586962358e-05
Epoch
90
Epoch time
384.6230969429016
Epoch 90, Loss 2.612319635500171e-05
Epoch
91
Epoch time
387.5892984867096
Epoch 91, Loss 2.580053703240992e-05
Epoch
92
Epoch time
383.2207911014557
Epoch 92, Loss 2.5485398254204484e-05
Epoch
93
Epoch time
385.647846698761
Epoch 93, Loss 2.517823640118877e-05
Epoch
94
Epoch time
383.93143129348755
Epoch 94, Loss 2.4878776196601393e-05
Epoch
95
Epoch time
385.2198016643524
Epoch 95, Loss 2.458648253832507e-05
Epoch
96
Epoch time
383.8559970855713
Epoch 96, Loss 2.4301197341628722e-05
Epoch
97
Epoch time
385.1814315319061
Epoch 97, Loss 2.402278013414616e-05
Epoch
98
Epoch time
386.82639169692993
Epoch 98, Loss 2.3750291475153063e-05
Epoch
99
Epoch time
383.248250246048
Epoch 99, Loss 2.348480439832201e-05
Epoch
100
Epoch time
5077.673961877823
Epoch 100, Loss 2.3225208017720432e-05
Epoch 100
Selections count 700
Selections(Epoch, batch)
[(100, 0), (100, 1), (100, 2), (100, 3), (100, 4), (100, 5), (100, 6), (100, 7), (100, 8), (100, 9), (100, 10), (100, 11), (100, 12), (100, 13), (100, 14), (100, 15), (100, 16), (100, 17), (100, 18), (100, 19), (100, 20), (100, 21), (100, 22), (100, 23), (100, 24), (100, 25), (100, 26), (100, 27), (100, 28), (100, 29), (100, 30), (100, 31), (100, 32), (100, 33), (100, 34), (100, 35), (100, 36), (100, 37), (100, 38), (100, 39), (100, 40), (100, 41), (100, 42), (100, 43), (100, 44), (100, 881), (100, 46), (100, 47), (100, 48), (100, 49), (100, 50), (100, 51), (100, 52), (100, 53), (100, 54), (100, 55), (100, 56), (100, 57), (100, 58), (100, 59), (100, 60), (100, 61), (100, 62), (100, 63), (100, 64), (100, 65), (100, 66), (100, 67), (100, 68), (100, 69), (100, 70), (100, 71), (100, 72), (100, 73), (100, 74), (100, 75), (100, 76), (100, 77), (100, 78), (100, 79), (100, 80), (100, 81), (100, 82), (100, 83), (100, 84), (100, 85), (100, 86), (100, 87), (100, 88), (100, 89), (100, 965), (100, 91), (100, 92), (100, 93), (100, 94), (100, 95), (100, 96), (100, 97), (100, 98), (100, 99), (100, 100), (100, 101), (100, 102), (100, 103), (100, 104), (100, 105), (100, 106), (100, 597), (100, 108), (100, 109), (100, 110), (100, 111), (100, 112), (100, 113), (100, 114), (100, 115), (100, 116), (100, 117), (100, 118), (100, 119), (100, 120), (100, 121), (100, 122), (100, 123), (100, 124), (100, 125), (100, 126), (100, 127), (100, 128), (100, 129), (100, 130), (100, 131), (100, 132), (100, 133), (100, 134), (100, 135), (100, 136), (100, 137), (100, 138), (100, 139), (100, 140), (100, 141), (100, 142), (100, 143), (100, 144), (100, 145), (100, 146), (100, 147), (100, 148), (100, 149), (100, 150), (100, 825), (100, 152), (100, 153), (100, 154), (100, 155), (100, 156), (100, 157), (100, 158), (100, 159), (100, 160), (100, 161), (100, 162), (100, 163), (100, 164), (100, 165), (100, 166), (100, 167), (100, 168), (100, 169), (100, 170), (100, 171), (100, 172), (100, 173), (100, 174), (100, 175), (100, 176), (100, 177), (100, 178), (100, 179), (100, 254), (100, 181), (100, 508), (100, 183), (100, 184), (100, 185), (100, 186), (100, 187), (100, 188), (100, 189), (100, 407), (100, 191), (100, 192), (100, 929), (100, 194), (100, 195), (100, 487), (100, 197), (100, 198), (100, 199), (100, 200), (100, 201), (100, 662), (100, 840), (100, 958), (100, 596), (100, 206), (100, 207), (100, 208), (100, 209), (100, 210), (100, 544), (100, 966), (100, 213), (100, 851), (100, 215), (100, 216), (100, 217), (100, 218), (100, 593), (100, 734), (100, 221), (100, 577), (100, 223), (100, 472), (100, 225), (100, 226), (100, 227), (100, 151), (100, 229), (100, 230), (100, 456), (100, 232), (100, 618), (100, 705), (100, 702), (100, 236), (100, 893), (100, 849), (100, 545), (100, 240), (100, 695), (100, 242), (100, 243), (100, 244), (100, 814), (100, 246), (100, 247), (100, 248), (100, 795), (100, 612), (100, 251), (100, 664), (100, 253), (100, 489), (100, 939), (100, 256), (100, 669), (100, 496), (100, 910), (100, 260), (100, 261), (100, 262), (100, 263), (100, 859), (100, 265), (100, 266), (100, 802), (100, 763), (100, 723), (100, 270), (100, 898), (100, 272), (100, 588), (100, 338), (100, 275), (100, 276), (100, 277), (100, 278), (100, 500), (100, 280), (100, 281), (100, 282), (100, 783), (100, 284), (100, 285), (100, 286), (100, 287), (100, 834), (100, 289), (100, 290), (100, 291), (100, 936), (100, 293), (100, 294), (100, 295), (100, 296), (100, 608), (100, 738), (100, 299), (100, 720), (100, 301), (100, 302), (100, 303), (100, 304), (100, 820), (100, 675), (100, 635), (100, 308), (100, 642), (100, 310), (100, 311), (100, 312), (100, 743), (100, 314), (100, 315), (100, 554), (100, 781), (100, 318), (100, 319), (100, 320), (100, 843), (100, 916), (100, 323), (100, 386), (100, 771), (100, 903), (100, 401), (100, 503), (100, 329), (100, 330), (100, 810), (100, 332), (100, 333), (100, 334), (100, 335), (100, 799), (100, 337), (100, 570), (100, 457), (100, 845), (100, 341), (100, 342), (100, 343), (100, 344), (100, 901), (100, 687), (100, 347), (100, 563), (100, 564), (100, 350), (100, 351), (100, 775), (100, 497), (100, 354), (100, 785), (100, 634), (100, 607), (100, 691), (100, 880), (100, 740), (100, 598), (100, 362), (100, 708), (100, 364), (100, 365), (100, 748), (100, 979), (100, 368), (100, 710), (100, 370), (100, 371), (100, 372), (100, 494), (100, 374), (100, 375), (100, 376), (100, 970), (100, 378), (100, 762), (100, 380), (100, 674), (100, 517), (100, 707), (100, 918), (100, 860), (100, 391), (100, 387), (100, 388), (100, 389), (100, 390), (100, 480), (100, 392), (100, 582), (100, 306), (100, 441), (100, 566), (100, 835), (100, 398), (100, 719), (100, 400), (100, 987), (100, 402), (100, 706), (100, 404), (100, 405), (100, 406), (100, 806), (100, 776), (100, 409), (100, 879), (100, 679), (100, 683), (100, 460), (100, 779), (100, 741), (100, 416), (100, 417), (100, 628), (100, 471), (100, 420), (100, 823), (100, 827), (100, 767), (100, 717), (100, 288), (100, 426), (100, 576), (100, 716), (100, 800), (100, 430), (100, 431), (100, 432), (100, 433), (100, 434), (100, 637), (100, 778), (100, 874), (100, 519), (100, 502), (100, 681), (100, 671), (100, 699), (100, 846), (100, 444), (100, 445), (100, 921), (100, 447), (100, 448), (100, 868), (100, 450), (100, 477), (100, 855), (100, 458), (100, 888), (100, 455), (100, 490), (100, 234), (100, 803), (100, 909), (100, 725), (100, 461), (100, 613), (100, 463), (100, 967), (100, 615), (100, 466), (100, 467), (100, 468), (100, 789), (100, 470), (100, 978), (100, 876), (100, 473), (100, 850), (100, 475), (100, 945), (100, 592), (100, 948), (100, 969), (100, 891), (100, 798), (100, 412), (100, 483), (100, 732), (100, 927), (100, 622), (100, 962), (100, 667), (100, 935), (100, 836), (100, 774), (100, 492), (100, 824), (100, 908), (100, 923), (100, 745), (100, 578), (100, 584), (100, 499), (100, 542), (100, 633), (100, 532), (100, 548), (100, 504), (100, 505), (100, 506), (100, 507), (100, 643), (100, 509), (100, 510), (100, 974), (100, 512), (100, 513), (100, 514), (100, 393), (100, 658), (100, 616), (100, 518), (100, 980), (100, 865), (100, 521), (100, 522), (100, 523), (100, 556), (100, 922), (100, 655), (100, 797), (100, 833), (100, 989), (100, 831), (100, 765), (100, 654), (100, 533), (100, 729), (100, 525), (100, 773), (100, 537), (100, 609), (100, 911), (100, 996), (100, 541), (100, 842), (100, 543), (100, 991), (100, 579), (100, 546), (100, 547), (100, 309), (100, 549), (100, 604), (100, 551), (100, 552), (100, 764), (100, 585), (100, 878), (100, 817), (100, 875), (100, 838), (100, 949), (100, 863), (100, 805), (100, 829), (100, 530), (100, 724), (100, 832), (100, 816), (100, 567), (100, 568), (100, 569), (100, 883), (100, 571), (100, 572), (100, 862), (100, 869), (100, 575), (100, 482), (100, 955), (100, 539), (100, 696), (100, 905), (100, 690), (100, 811), (100, 583), (100, 746), (100, 997), (100, 586), (100, 677), (100, 821), (100, 709), (100, 590), (100, 591), (100, 422), (100, 777), (100, 594), (100, 995), (100, 951), (100, 961), (100, 942), (100, 565), (100, 786), (100, 957), (100, 602), (100, 964), (100, 925), (100, 428), (100, 606), (100, 769), (100, 259), (100, 932), (100, 826), (100, 611), (100, 990), (100, 479), (100, 752), (100, 792), (100, 768), (100, 899), (100, 761), (100, 640), (100, 977), (100, 959), (100, 766), (100, 984), (100, 952), (100, 994), (100, 713), (100, 982), (100, 735), (100, 975), (100, 630), (100, 631), (100, 938), (100, 941), (100, 947), (100, 770), (100, 934), (100, 981), (100, 250), (100, 639), (100, 736), (100, 641), (100, 733), (100, 685), (100, 644), (100, 787), (100, 728), (100, 647), (100, 488), (100, 972), (100, 882), (100, 495), (100, 652), (100, 897), (100, 920), (100, 424), (100, 943), (100, 971), (100, 796), (100, 601), (100, 660), (100, 976), (100, 714), (100, 663), (100, 999), (100, 325), (100, 666), (100, 715), (100, 373), (100, 887), (100, 394), (100, 872), (100, 672), (100, 419), (100, 902), (100, 896), (100, 676), (100, 451), (100, 873), (100, 449), (100, 474), (100, 626), (100, 682), (100, 747), (100, 684), (100, 222), (100, 867), (100, 421), (100, 998), (100, 629), (100, 486), (100, 340), (100, 440), (100, 693), (100, 367), (100, 750), (100, 581), (100, 403), (100, 698), (100, 550)]
Residuals
[1.4473268101489119e-15, 2.221542653468229e-15, 2.24268794536923e-15, 5.057345858432105e-15, 2.7789738511727766e-15, 3.2912497395813776e-15]
100
[0, 1, 2, 3, 4, 5, 6, 7, 8, 9, 10, 11, 12, 13, 14, 15, 16, 17, 18, 19, 20, 21, 22, 23, 24, 25, 26, 27, 28, 29, 30, 31, 32, 33, 34, 35, 36, 37, 38, 39, 40, 41, 42, 43, 44, 881, 46, 47, 48, 49, 50, 51, 52, 53, 54, 55, 56, 57, 58, 59, 60, 61, 62, 63, 64, 65, 66, 67, 68, 69, 70, 71, 72, 73, 74, 75, 76, 77, 78, 79, 80, 81, 82, 83, 84, 85, 86, 87, 88, 89, 965, 91, 92, 93, 94, 95, 96, 97, 98, 99, 100, 101, 102, 103, 104, 105, 106, 597, 108, 109, 110, 111, 112, 113, 114, 115, 116, 117, 118, 119, 120, 121, 122, 123, 124, 125, 126, 127, 128, 129, 130, 131, 132, 133, 134, 135, 136, 137, 138, 139, 140, 141, 142, 143, 144, 145, 146, 147, 148, 149, 150, 825, 152, 153, 154, 155, 156, 157, 158, 159, 160, 161, 162, 163, 164, 165, 166, 167, 168, 169, 170, 171, 172, 173, 174, 175, 176, 177, 178, 179, 254, 181, 508, 183, 184, 185, 186, 187, 188, 189, 407, 191, 192, 929, 194, 195, 487, 197, 198, 199, 200, 201, 662, 840, 958, 596, 206, 207, 208, 209, 210, 544, 966, 213, 851, 215, 216, 217, 218, 593, 734, 221, 577, 223, 472, 225, 226, 227, 151, 229, 230, 456, 232, 618, 705, 702, 236, 893, 849, 545, 240, 695, 242, 243, 244, 814, 246, 247, 248, 795, 612, 251, 664, 253, 489, 939, 256, 669, 496, 910, 260, 261, 262, 263, 859, 265, 266, 802, 763, 723, 270, 898, 272, 588, 338, 275, 276, 277, 278, 500, 280, 281, 282, 783, 284, 285, 286, 287, 834, 289, 290, 291, 936, 293, 294, 295, 296, 608, 738, 299, 720, 301, 302, 303, 304, 820, 675, 635, 308, 642, 310, 311, 312, 743, 314, 315, 554, 781, 318, 319, 320, 843, 916, 323, 386, 771, 903, 401, 503, 329, 330, 810, 332, 333, 334, 335, 799, 337, 570, 457, 845, 341, 342, 343, 344, 901, 687, 347, 563, 564, 350, 351, 775, 497, 354, 785, 634, 607, 691, 880, 740, 598, 362, 708, 364, 365, 748, 979, 368, 710, 370, 371, 372, 494, 374, 375, 376, 970, 378, 762, 380, 674, 517, 707, 918, 860, 391, 387, 388, 389, 390, 480, 392, 582, 306, 441, 566, 835, 398, 719, 400, 987, 402, 706, 404, 405, 406, 806, 776, 409, 879, 679, 683, 460, 779, 741, 416, 417, 628, 471, 420, 823, 827, 767, 717, 288, 426, 576, 716, 800, 430, 431, 432, 433, 434, 637, 778, 874, 519, 502, 681, 671, 699, 846, 444, 445, 921, 447, 448, 868, 450, 477, 855, 458, 888, 455, 490, 234, 803, 909, 725, 461, 613, 463, 967, 615, 466, 467, 468, 789, 470, 978, 876, 473, 850, 475, 945, 592, 948, 969, 891, 798, 412, 483, 732, 927, 622, 962, 667, 935, 836, 774, 492, 824, 908, 923, 745, 578, 584, 499, 542, 633, 532, 548, 504, 505, 506, 507, 643, 509, 510, 974, 512, 513, 514, 393, 658, 616, 518, 980, 865, 521, 522, 523, 556, 922, 655, 797, 833, 989, 831, 765, 654, 533, 729, 525, 773, 537, 609, 911, 996, 541, 842, 543, 991, 579, 546, 547, 309, 549, 604, 551, 552, 764, 585, 878, 817, 875, 838, 949, 863, 805, 829, 530, 724, 832, 816, 567, 568, 569, 883, 571, 572, 862, 869, 575, 482, 955, 539, 696, 905, 690, 811, 583, 746, 997, 586, 677, 821, 709, 590, 591, 422, 777, 594, 995, 951, 961, 942, 565, 786, 957, 602, 964, 925, 428, 606, 769, 259, 932, 826, 611, 990, 479, 752, 792, 768, 899, 761, 640, 977, 959, 766, 984, 952, 994, 713, 982, 735, 975, 630, 631, 938, 941, 947, 770, 934, 981, 250, 639, 736, 641, 733, 685, 644, 787, 728, 647, 488, 972, 882, 495, 652, 897, 920, 424, 943, 971, 796, 601, 660, 976, 714, 663, 999, 325, 666, 715, 373, 887, 394, 872, 672, 419, 902, 896, 676, 451, 873, 449, 474, 626, 682, 747, 684, 222, 867, 421, 998, 629, 486, 340, 440, 693, 367, 750, 581, 403, 698, 550]
Epoch
101
Epoch time
383.40072107315063
Epoch 101, Loss 2.29712802783979e-05
Epoch
102
Epoch time
385.0401430130005
Epoch 102, Loss 2.2722616533428664e-05
Epoch
103
Epoch time
385.2547342777252
Epoch 103, Loss 2.2480162644569645e-05
Epoch
104
Epoch time
384.24824047088623
Epoch 104, Loss 2.2242793892473857e-05
Epoch
105
Epoch time
382.54607582092285
Epoch 105, Loss 2.2010514668181714e-05
Epoch
106
Epoch time
391.2795708179474
Epoch 106, Loss 2.178256208981111e-05
Epoch
107
Epoch time
384.3631145954132
Epoch 107, Loss 2.156017854485981e-05
Epoch
108
Epoch time
384.2049584388733
Epoch 108, Loss 2.1341988348012818e-05
Epoch
109
Epoch time
384.38330078125
Epoch 109, Loss 2.112858729560685e-05
Epoch
110
Epoch time
385.56203532218933
Epoch 110, Loss 2.0919353501085426e-05
Epoch
111
Epoch time
384.7556047439575
Epoch 111, Loss 2.0714489495730958e-05
Epoch
112
Epoch time
384.3813407421112
Epoch 112, Loss 2.051346585039937e-05
Epoch
113
Epoch time
384.67892622947693
Epoch 113, Loss 2.031628037593691e-05
Epoch
114
Epoch time
384.088054895401
Epoch 114, Loss 2.0123257433169783e-05
Epoch
115
Epoch time
381.8929650783539
Epoch 115, Loss 1.993368849889521e-05
Epoch
116
Epoch time
385.06104254722595
Epoch 116, Loss 1.9748182116927636e-05
Epoch
117
Epoch time
384.40610671043396
Epoch 117, Loss 1.9565829682505865e-05
Epoch
118
Epoch time
384.558869600296
Epoch 118, Loss 1.938741790718268e-05
Epoch
119
Epoch time
384.04356479644775
Epoch 119, Loss 1.9211897785680775e-05
Epoch
120
