torch.Size([120000, 1, 1, 28, 28])
1200
Epoch
0
Epoch time
956.9297778606415
Epoch 0, Loss 1.2721117245405913
Epoch 0
Selections count 0
Selections(Epoch, batch)
[(0, 0), (0, 719), (0, 700), (0, 3), (0, 690), (0, 5), (0, 715), (0, 7), (0, 8), (0, 9), (0, 10), (0, 702), (0, 714), (0, 718), (0, 14), (0, 712), (0, 16), (0, 17), (0, 18), (0, 19), (0, 20), (0, 21), (0, 22), (0, 23), (0, 24), (0, 25), (0, 26), (0, 27), (0, 28), (0, 29), (0, 30), (0, 31), (0, 32), (0, 33), (0, 34), (0, 35), (0, 36), (0, 37), (0, 38), (0, 39), (0, 40), (0, 41), (0, 42), (0, 43), (0, 44), (0, 45), (0, 46), (0, 47), (0, 48), (0, 49), (0, 50), (0, 51), (0, 52), (0, 53), (0, 54), (0, 55), (0, 56), (0, 57), (0, 654), (0, 59), (0, 60), (0, 61), (0, 62), (0, 63), (0, 64), (0, 65), (0, 66), (0, 67), (0, 68), (0, 69), (0, 70), (0, 638), (0, 72), (0, 73), (0, 671), (0, 75), (0, 76), (0, 77), (0, 78), (0, 79), (0, 80), (0, 81), (0, 82), (0, 83), (0, 84), (0, 85), (0, 86), (0, 87), (0, 670), (0, 629), (0, 90), (0, 91), (0, 92), (0, 93), (0, 94), (0, 95), (0, 96), (0, 97), (0, 98), (0, 99), (0, 100), (0, 101), (0, 102), (0, 103), (0, 104), (0, 105), (0, 106), (0, 107), (0, 108), (0, 109), (0, 110), (0, 111), (0, 112), (0, 113), (0, 114), (0, 115), (0, 116), (0, 117), (0, 118), (0, 119), (0, 120), (0, 121), (0, 122), (0, 123), (0, 124), (0, 125), (0, 126), (0, 625), (0, 128), (0, 129), (0, 130), (0, 131), (0, 132), (0, 133), (0, 134), (0, 135), (0, 136), (0, 137), (0, 138), (0, 139), (0, 140), (0, 141), (0, 142), (0, 143), (0, 144), (0, 145), (0, 146), (0, 147), (0, 148), (0, 149), (0, 150), (0, 151), (0, 152), (0, 153), (0, 154), (0, 155), (0, 647), (0, 157), (0, 158), (0, 674), (0, 160), (0, 161), (0, 162), (0, 163), (0, 665), (0, 646), (0, 166), (0, 167), (0, 168), (0, 169), (0, 645), (0, 171), (0, 643), (0, 644), (0, 637), (0, 175), (0, 635), (0, 177), (0, 178), (0, 179), (0, 180), (0, 181), (0, 182), (0, 183), (0, 653), (0, 185), (0, 186), (0, 187), (0, 673), (0, 189), (0, 190), (0, 191), (0, 192), (0, 193), (0, 194), (0, 624), (0, 196), (0, 197), (0, 198), (0, 199), (0, 200), (0, 201), (0, 620), (0, 203), (0, 204), (0, 205), (0, 634), (0, 207), (0, 208), (0, 209), (0, 210), (0, 211), (0, 212), (0, 622), (0, 214), (0, 215), (0, 216), (0, 217), (0, 218), (0, 642), (0, 220), (0, 221), (0, 617), (0, 616), (0, 224), (0, 225), (0, 226), (0, 227), (0, 608), (0, 229), (0, 230), (0, 231), (0, 610), (0, 233), (0, 234), (0, 235), (0, 236), (0, 657), (0, 696), (0, 239), (0, 240), (0, 241), (0, 602), (0, 243), (0, 705), (0, 245), (0, 246), (0, 247), (0, 606), (0, 249), (0, 250), (0, 251), (0, 252), (0, 253), (0, 691), (0, 255), (0, 256), (0, 257), (0, 258), (0, 649), (0, 664), (0, 605), (0, 262), (0, 263), (0, 264), (0, 599), (0, 266), (0, 267), (0, 601), (0, 626), (0, 270), (0, 271), (0, 272), (0, 273), (0, 274), (0, 275), (0, 276), (0, 277), (0, 278), (0, 279), (0, 280), (0, 584), (0, 596), (0, 283), (0, 284), (0, 621), (0, 574), (0, 287), (0, 288), (0, 289), (0, 290), (0, 291), (0, 600), (0, 592), (0, 294), (0, 295), (0, 296), (0, 297), (0, 298), (0, 299), (0, 300), (0, 301), (0, 302), (0, 565), (0, 304), (0, 305), (0, 306), (0, 307), (0, 308), (0, 309), (0, 310), (0, 311), (0, 312), (0, 313), (0, 583), (0, 598), (0, 316), (0, 317), (0, 562), (0, 319), (0, 577), (0, 321), (0, 709), (0, 323), (0, 324), (0, 561), (0, 326), (0, 327), (0, 328), (0, 329), (0, 554), (0, 591), (0, 553), (0, 333), (0, 334), (0, 551), (0, 336), (0, 337), (0, 338), (0, 662), (0, 340), (0, 560), (0, 342), (0, 343), (0, 344), (0, 587), (0, 567), (0, 347), (0, 348), (0, 655), (0, 578), (0, 547), (0, 352), (0, 557), (0, 354), (0, 548), (0, 534), (0, 357), (0, 358), (0, 640), (0, 571), (0, 361), (0, 362), (0, 555), (0, 707), (0, 365), (0, 366), (0, 699), (0, 368), (0, 369), (0, 370), (0, 371), (0, 663), (0, 543), (0, 374), (0, 375), (0, 675), (0, 542), (0, 378), (0, 628), (0, 582), (0, 381), (0, 648), (0, 529), (0, 612), (0, 524), (0, 386), (0, 387), (0, 527), (0, 581), (0, 526), (0, 563), (0, 523), (0, 393), (0, 394), (0, 395), (0, 396), (0, 397), (0, 398), (0, 399), (0, 519), (0, 518), (0, 402), (0, 403), (0, 404), (0, 570), (0, 406), (0, 407), (0, 514), (0, 409), (0, 410), (0, 411), (0, 412), (0, 413), (0, 414), (0, 511), (0, 510), (0, 509), (0, 418), (0, 535), (0, 566), (0, 502), (0, 422), (0, 423), (0, 424), (0, 695), (0, 426), (0, 427), (0, 507), (0, 429), (0, 430), (0, 503), (0, 432), (0, 433), (0, 434), (0, 435), (0, 497), (0, 530), (0, 438), (0, 439), (0, 499), (0, 550), (0, 688), (0, 489), (0, 444), (0, 445), (0, 446), (0, 447), (0, 603), (0, 484), (0, 556), (0, 451), (0, 452), (0, 453), (0, 498), (0, 496), (0, 456), (0, 457), (0, 458), (0, 493), (0, 677), (0, 461), (0, 462), (0, 652), (0, 538), (0, 486), (0, 466), (0, 485), (0, 508), (0, 469), (0, 651), (0, 471), (0, 658), (0, 668), (0, 613), (0, 475), (0, 480), (0, 477), (0, 487), (0, 479)]
Residuals
[5.255421050031889e-16]
0
[0, 719, 700, 3, 690, 5, 715, 7, 8, 9, 10, 702, 714, 718, 14, 712, 16, 17, 18, 19, 20, 21, 22, 23, 24, 25, 26, 27, 28, 29, 30, 31, 32, 33, 34, 35, 36, 37, 38, 39, 40, 41, 42, 43, 44, 45, 46, 47, 48, 49, 50, 51, 52, 53, 54, 55, 56, 57, 654, 59, 60, 61, 62, 63, 64, 65, 66, 67, 68, 69, 70, 638, 72, 73, 671, 75, 76, 77, 78, 79, 80, 81, 82, 83, 84, 85, 86, 87, 670, 629, 90, 91, 92, 93, 94, 95, 96, 97, 98, 99, 100, 101, 102, 103, 104, 105, 106, 107, 108, 109, 110, 111, 112, 113, 114, 115, 116, 117, 118, 119, 120, 121, 122, 123, 124, 125, 126, 625, 128, 129, 130, 131, 132, 133, 134, 135, 136, 137, 138, 139, 140, 141, 142, 143, 144, 145, 146, 147, 148, 149, 150, 151, 152, 153, 154, 155, 647, 157, 158, 674, 160, 161, 162, 163, 665, 646, 166, 167, 168, 169, 645, 171, 643, 644, 637, 175, 635, 177, 178, 179, 180, 181, 182, 183, 653, 185, 186, 187, 673, 189, 190, 191, 192, 193, 194, 624, 196, 197, 198, 199, 200, 201, 620, 203, 204, 205, 634, 207, 208, 209, 210, 211, 212, 622, 214, 215, 216, 217, 218, 642, 220, 221, 617, 616, 224, 225, 226, 227, 608, 229, 230, 231, 610, 233, 234, 235, 236, 657, 696, 239, 240, 241, 602, 243, 705, 245, 246, 247, 606, 249, 250, 251, 252, 253, 691, 255, 256, 257, 258, 649, 664, 605, 262, 263, 264, 599, 266, 267, 601, 626, 270, 271, 272, 273, 274, 275, 276, 277, 278, 279, 280, 584, 596, 283, 284, 621, 574, 287, 288, 289, 290, 291, 600, 592, 294, 295, 296, 297, 298, 299, 300, 301, 302, 565, 304, 305, 306, 307, 308, 309, 310, 311, 312, 313, 583, 598, 316, 317, 562, 319, 577, 321, 709, 323, 324, 561, 326, 327, 328, 329, 554, 591, 553, 333, 334, 551, 336, 337, 338, 662, 340, 560, 342, 343, 344, 587, 567, 347, 348, 655, 578, 547, 352, 557, 354, 548, 534, 357, 358, 640, 571, 361, 362, 555, 707, 365, 366, 699, 368, 369, 370, 371, 663, 543, 374, 375, 675, 542, 378, 628, 582, 381, 648, 529, 612, 524, 386, 387, 527, 581, 526, 563, 523, 393, 394, 395, 396, 397, 398, 399, 519, 518, 402, 403, 404, 570, 406, 407, 514, 409, 410, 411, 412, 413, 414, 511, 510, 509, 418, 535, 566, 502, 422, 423, 424, 695, 426, 427, 507, 429, 430, 503, 432, 433, 434, 435, 497, 530, 438, 439, 499, 550, 688, 489, 444, 445, 446, 447, 603, 484, 556, 451, 452, 453, 498, 496, 456, 457, 458, 493, 677, 461, 462, 652, 538, 486, 466, 485, 508, 469, 651, 471, 658, 668, 613, 475, 480, 477, 487, 479]
Epoch
1
Epoch time
9.180724143981934
Epoch 1, Loss 0.6526853253444036
Epoch
2
Epoch time
9.03928017616272
Epoch 2, Loss 0.529873189162463
Epoch
3
Epoch time
9.764874458312988
Epoch 3, Loss 0.46398384797076386
Epoch
4
Epoch time
9.046586751937866
Epoch 4, Loss 0.40993634567285575
Epoch
5
Epoch time
9.039888858795166
Epoch 5, Loss 0.37587183446623385
Epoch
6
Epoch time
9.059528589248657
Epoch 6, Loss 0.3392197437770665
Epoch
7
Epoch time
9.1161949634552
Epoch 7, Loss 0.3122696142519514
Epoch
8
Epoch time
9.068045854568481
Epoch 8, Loss 0.2933306816748033
Epoch
9
Epoch time
9.083356857299805
Epoch 9, Loss 0.27550728507029515
Epoch
10
Epoch time
9.041100978851318
Epoch 10, Loss 0.2592944560665637
Epoch
11
Epoch time
9.044570684432983
Epoch 11, Loss 0.23870120189152658
Epoch
12
Epoch time
9.04325008392334
Epoch 12, Loss 0.2289590591735517
Epoch
13
Epoch time
9.045905590057373
Epoch 13, Loss 0.21569562458510821
Epoch
14
Epoch time
9.102508783340454
Epoch 14, Loss 0.2049538658078139
Epoch
15
Epoch time
9.051763772964478
Epoch 15, Loss 0.19538999310539415
Epoch
16
Epoch time
9.081589698791504
Epoch 16, Loss 0.18706002622765178
Epoch
17
Epoch time
9.102073907852173
Epoch 17, Loss 0.17694749164084594
Epoch
18
Epoch time
9.020943880081177
Epoch 18, Loss 0.17115885856173313
Epoch
19
Epoch time
9.023578643798828
Epoch 19, Loss 0.16559911902373037
Epoch
20
Epoch time
963.2680461406708
Epoch 20, Loss 0.1568699431947122
Epoch 20
Selections count 480
Selections(Epoch, batch)
[(20, 0), (20, 331), (20, 700), (20, 159), (20, 690), (20, 5), (20, 15), (20, 7), (20, 8), (20, 9), (20, 10), (20, 285), (20, 332), (20, 259), (20, 14), (20, 712), (20, 16), (20, 17), (20, 18), (20, 19), (20, 20), (20, 21), (20, 22), (20, 23), (20, 24), (20, 25), (20, 26), (20, 27), (20, 28), (20, 29), (20, 30), (20, 31), (20, 32), (20, 33), (20, 34), (20, 35), (20, 36), (20, 37), (20, 38), (20, 39), (20, 40), (20, 41), (20, 42), (20, 43), (20, 44), (20, 45), (20, 46), (20, 47), (20, 48), (20, 49), (20, 50), (20, 51), (20, 52), (20, 53), (20, 54), (20, 55), (20, 56), (20, 57), (20, 654), (20, 59), (20, 60), (20, 61), (20, 62), (20, 63), (20, 64), (20, 65), (20, 66), (20, 67), (20, 68), (20, 69), (20, 70), (20, 638), (20, 72), (20, 73), (20, 671), (20, 75), (20, 76), (20, 77), (20, 78), (20, 79), (20, 172), (20, 81), (20, 82), (20, 83), (20, 84), (20, 85), (20, 86), (20, 87), (20, 670), (20, 629), (20, 90), (20, 91), (20, 92), (20, 93), (20, 94), (20, 95), (20, 96), (20, 97), (20, 98), (20, 99), (20, 100), (20, 101), (20, 102), (20, 103), (20, 104), (20, 105), (20, 206), (20, 107), (20, 108), (20, 109), (20, 110), (20, 111), (20, 112), (20, 113), (20, 114), (20, 115), (20, 116), (20, 117), (20, 118), (20, 119), (20, 120), (20, 121), (20, 122), (20, 123), (20, 124), (20, 125), (20, 126), (20, 625), (20, 128), (20, 254), (20, 130), (20, 131), (20, 132), (20, 133), (20, 134), (20, 135), (20, 136), (20, 137), (20, 138), (20, 139), (20, 140), (20, 141), (20, 142), (20, 143), (20, 144), (20, 145), (20, 146), (20, 147), (20, 148), (20, 149), (20, 150), (20, 238), (20, 152), (20, 153), (20, 154), (20, 155), (20, 647), (20, 157), (20, 158), (20, 674), (20, 219), (20, 161), (20, 162), (20, 163), (20, 665), (20, 646), (20, 166), (20, 167), (20, 168), (20, 169), (20, 645), (20, 171), (20, 643), (20, 644), (20, 637), (20, 175), (20, 635), (20, 177), (20, 178), (20, 179), (20, 180), (20, 181), (20, 182), (20, 183), (20, 653), (20, 185), (20, 186), (20, 187), (20, 673), (20, 189), (20, 190), (20, 191), (20, 192), (20, 193), (20, 194), (20, 624), (20, 196), (20, 197), (20, 198), (20, 199), (20, 200), (20, 201), (20, 620), (20, 203), (20, 204), (20, 205), (20, 634), (20, 207), (20, 208), (20, 209), (20, 210), (20, 211), (20, 212), (20, 622), (20, 214), (20, 215), (20, 216), (20, 269), (20, 218), (20, 335), (20, 220), (20, 221), (20, 617), (20, 616), (20, 224), (20, 225), (20, 226), (20, 227), (20, 608), (20, 229), (20, 230), (20, 231), (20, 610), (20, 233), (20, 234), (20, 235), (20, 236), (20, 657), (20, 696), (20, 239), (20, 240), (20, 241), (20, 602), (20, 243), (20, 705), (20, 245), (20, 246), (20, 247), (20, 606), (20, 249), (20, 250), (20, 251), (20, 252), (20, 253), (20, 691), (20, 255), (20, 256), (20, 257), (20, 258), (20, 649), (20, 664), (20, 605), (20, 262), (20, 263), (20, 264), (20, 599), (20, 266), (20, 267), (20, 601), (20, 626), (20, 270), (20, 271), (20, 272), (20, 273), (20, 274), (20, 275), (20, 276), (20, 277), (20, 278), (20, 279), (20, 280), (20, 584), (20, 596), (20, 283), (20, 284), (20, 188), (20, 574), (20, 287), (20, 288), (20, 289), (20, 290), (20, 291), (20, 600), (20, 592), (20, 294), (20, 295), (20, 296), (20, 297), (20, 298), (20, 299), (20, 318), (20, 301), (20, 302), (20, 565), (20, 304), (20, 305), (20, 306), (20, 307), (20, 308), (20, 309), (20, 310), (20, 11), (20, 312), (20, 232), (20, 583), (20, 598), (20, 316), (20, 317), (20, 562), (20, 319), (20, 577), (20, 321), (20, 709), (20, 323), (20, 127), (20, 561), (20, 326), (20, 327), (20, 328), (20, 329), (20, 554), (20, 13), (20, 553), (20, 333), (20, 334), (20, 551), (20, 336), (20, 337), (20, 338), (20, 662), (20, 340), (20, 560), (20, 342), (20, 343), (20, 344), (20, 587), (20, 567), (20, 347), (20, 348), (20, 655), (20, 578), (20, 547), (20, 352), (20, 557), (20, 354), (20, 244), (20, 534), (20, 357), (20, 358), (20, 640), (20, 571), (20, 361), (20, 362), (20, 555), (20, 6), (20, 365), (20, 366), (20, 699), (20, 368), (20, 322), (20, 370), (20, 371), (20, 663), (20, 543), (20, 374), (20, 375), (20, 675), (20, 542), (20, 378), (20, 628), (20, 582), (20, 381), (20, 648), (20, 529), (20, 612), (20, 524), (20, 386), (20, 387), (20, 527), (20, 581), (20, 526), (20, 339), (20, 523), (20, 393), (20, 394), (20, 395), (20, 396), (20, 397), (20, 398), (20, 399), (20, 519), (20, 518), (20, 402), (20, 403), (20, 404), (20, 570), (20, 406), (20, 407), (20, 514), (20, 409), (20, 410), (20, 411), (20, 412), (20, 413), (20, 2), (20, 511), (20, 510), (20, 509), (20, 418), (20, 535), (20, 566), (20, 502), (20, 422), (20, 423), (20, 424), (20, 695), (20, 426), (20, 427), (20, 507), (20, 429), (20, 430), (20, 503), (20, 432), (20, 433), (20, 58), (20, 435), (20, 497), (20, 530), (20, 438), (20, 439), (20, 1), (20, 550), (20, 688), (20, 489), (20, 444), (20, 445), (20, 446), (20, 447), (20, 603), (20, 484), (20, 556), (20, 451), (20, 315), (20, 453), (20, 498), (20, 496), (20, 456), (20, 457), (20, 458), (20, 493), (20, 677), (20, 313), (20, 462), (20, 652), (20, 538), (20, 486), (20, 466), (20, 485), (20, 508), (20, 469), (20, 651), (20, 471), (20, 658), (20, 668), (20, 281), (20, 475), (20, 480), (20, 477), (20, 487), (20, 479)]
Residuals
[5.255421050031889e-16, 7.417747507079124e-16]
20
[0, 331, 700, 159, 690, 5, 15, 7, 8, 9, 10, 285, 332, 259, 14, 712, 16, 17, 18, 19, 20, 21, 22, 23, 24, 25, 26, 27, 28, 29, 30, 31, 32, 33, 34, 35, 36, 37, 38, 39, 40, 41, 42, 43, 44, 45, 46, 47, 48, 49, 50, 51, 52, 53, 54, 55, 56, 57, 654, 59, 60, 61, 62, 63, 64, 65, 66, 67, 68, 69, 70, 638, 72, 73, 671, 75, 76, 77, 78, 79, 172, 81, 82, 83, 84, 85, 86, 87, 670, 629, 90, 91, 92, 93, 94, 95, 96, 97, 98, 99, 100, 101, 102, 103, 104, 105, 206, 107, 108, 109, 110, 111, 112, 113, 114, 115, 116, 117, 118, 119, 120, 121, 122, 123, 124, 125, 126, 625, 128, 254, 130, 131, 132, 133, 134, 135, 136, 137, 138, 139, 140, 141, 142, 143, 144, 145, 146, 147, 148, 149, 150, 238, 152, 153, 154, 155, 647, 157, 158, 674, 219, 161, 162, 163, 665, 646, 166, 167, 168, 169, 645, 171, 643, 644, 637, 175, 635, 177, 178, 179, 180, 181, 182, 183, 653, 185, 186, 187, 673, 189, 190, 191, 192, 193, 194, 624, 196, 197, 198, 199, 200, 201, 620, 203, 204, 205, 634, 207, 208, 209, 210, 211, 212, 622, 214, 215, 216, 269, 218, 335, 220, 221, 617, 616, 224, 225, 226, 227, 608, 229, 230, 231, 610, 233, 234, 235, 236, 657, 696, 239, 240, 241, 602, 243, 705, 245, 246, 247, 606, 249, 250, 251, 252, 253, 691, 255, 256, 257, 258, 649, 664, 605, 262, 263, 264, 599, 266, 267, 601, 626, 270, 271, 272, 273, 274, 275, 276, 277, 278, 279, 280, 584, 596, 283, 284, 188, 574, 287, 288, 289, 290, 291, 600, 592, 294, 295, 296, 297, 298, 299, 318, 301, 302, 565, 304, 305, 306, 307, 308, 309, 310, 11, 312, 232, 583, 598, 316, 317, 562, 319, 577, 321, 709, 323, 127, 561, 326, 327, 328, 329, 554, 13, 553, 333, 334, 551, 336, 337, 338, 662, 340, 560, 342, 343, 344, 587, 567, 347, 348, 655, 578, 547, 352, 557, 354, 244, 534, 357, 358, 640, 571, 361, 362, 555, 6, 365, 366, 699, 368, 322, 370, 371, 663, 543, 374, 375, 675, 542, 378, 628, 582, 381, 648, 529, 612, 524, 386, 387, 527, 581, 526, 339, 523, 393, 394, 395, 396, 397, 398, 399, 519, 518, 402, 403, 404, 570, 406, 407, 514, 409, 410, 411, 412, 413, 2, 511, 510, 509, 418, 535, 566, 502, 422, 423, 424, 695, 426, 427, 507, 429, 430, 503, 432, 433, 58, 435, 497, 530, 438, 439, 1, 550, 688, 489, 444, 445, 446, 447, 603, 484, 556, 451, 315, 453, 498, 496, 456, 457, 458, 493, 677, 313, 462, 652, 538, 486, 466, 485, 508, 469, 651, 471, 658, 668, 281, 475, 480, 477, 487, 479]
Epoch
21
Epoch time
9.173686504364014
Epoch 21, Loss 0.15208624970866366
Epoch
22
Epoch time
9.044155359268188
Epoch 22, Loss 0.14880034692430247
Epoch
23
Epoch time
9.07170295715332
Epoch 23, Loss 0.14432607103643627
Epoch
24
Epoch time
9.044018030166626
Epoch 24, Loss 0.13989335992683968
Epoch
25
Epoch time
9.074576377868652
Epoch 25, Loss 0.1318454939891429
Epoch
26
Epoch time
9.021499395370483
Epoch 26, Loss 0.12970147688446257
Epoch
27
Epoch time
9.026320457458496
Epoch 27, Loss 0.12825035146359975
Epoch
28
Epoch time
9.029802083969116
Epoch 28, Loss 0.12728283004136756
Epoch
29
Epoch time
9.053951263427734
Epoch 29, Loss 0.12213685849312848
Epoch
30
Epoch time
9.078718900680542
Epoch 30, Loss 0.12392528397593802
Epoch
31
Epoch time
9.037508487701416
Epoch 31, Loss 0.11842334747353259
Epoch
32
Epoch time
8.99340271949768
Epoch 32, Loss 0.11705402395202934
Epoch
33
Epoch time
9.00082802772522
Epoch 33, Loss 0.11336796996261303
Epoch
34
Epoch time
8.973219156265259
Epoch 34, Loss 0.11011821765569038
Epoch
35
Epoch time
9.01939606666565
Epoch 35, Loss 0.10485984843185482
Epoch
36
Epoch time
9.015724420547485
Epoch 36, Loss 0.10581645474128891
Epoch
37
Epoch time
9.008628606796265
Epoch 37, Loss 0.10465231016860344
Epoch
38
Epoch time
9.073036193847656
Epoch 38, Loss 0.10787902831177537
Epoch
39
Epoch time
8.990641117095947
Epoch 39, Loss 0.10149796371057164
Epoch
40
Epoch time
960.4853377342224
Epoch 40, Loss 0.10343791608950899
Epoch 40
Selections count 480
Selections(Epoch, batch)
[(40, 0), (40, 790), (40, 563), (40, 730), (40, 764), (40, 5), (40, 785), (40, 7), (40, 8), (40, 763), (40, 10), (40, 784), (40, 761), (40, 738), (40, 746), (40, 712), (40, 16), (40, 17), (40, 18), (40, 19), (40, 20), (40, 21), (40, 22), (40, 23), (40, 24), (40, 25), (40, 26), (40, 27), (40, 28), (40, 29), (40, 30), (40, 788), (40, 32), (40, 33), (40, 34), (40, 35), (40, 36), (40, 37), (40, 38), (40, 39), (40, 40), (40, 41), (40, 42), (40, 43), (40, 44), (40, 775), (40, 502), (40, 47), (40, 48), (40, 732), (40, 50), (40, 51), (40, 52), (40, 53), (40, 54), (40, 55), (40, 56), (40, 57), (40, 654), (40, 59), (40, 60), (40, 61), (40, 62), (40, 63), (40, 64), (40, 65), (40, 66), (40, 67), (40, 68), (40, 69), (40, 70), (40, 638), (40, 72), (40, 744), (40, 671), (40, 75), (40, 76), (40, 77), (40, 78), (40, 79), (40, 728), (40, 81), (40, 82), (40, 83), (40, 84), (40, 85), (40, 86), (40, 87), (40, 670), (40, 629), (40, 90), (40, 91), (40, 92), (40, 93), (40, 94), (40, 95), (40, 96), (40, 97), (40, 98), (40, 99), (40, 100), (40, 106), (40, 102), (40, 103), (40, 104), (40, 105), (40, 389), (40, 753), (40, 108), (40, 109), (40, 110), (40, 111), (40, 112), (40, 113), (40, 114), (40, 115), (40, 116), (40, 117), (40, 118), (40, 119), (40, 120), (40, 121), (40, 122), (40, 123), (40, 124), (40, 125), (40, 126), (40, 625), (40, 128), (40, 727), (40, 130), (40, 131), (40, 132), (40, 133), (40, 134), (40, 135), (40, 136), (40, 137), (40, 772), (40, 139), (40, 140), (40, 141), (40, 142), (40, 143), (40, 144), (40, 145), (40, 700), (40, 147), (40, 148), (40, 731), (40, 150), (40, 238), (40, 152), (40, 153), (40, 154), (40, 155), (40, 647), (40, 157), (40, 158), (40, 674), (40, 219), (40, 161), (40, 162), (40, 163), (40, 665), (40, 646), (40, 166), (40, 484), (40, 590), (40, 169), (40, 645), (40, 171), (40, 643), (40, 644), (40, 637), (40, 623), (40, 635), (40, 177), (40, 178), (40, 179), (40, 180), (40, 706), (40, 182), (40, 183), (40, 653), (40, 185), (40, 376), (40, 187), (40, 673), (40, 189), (40, 190), (40, 191), (40, 192), (40, 193), (40, 194), (40, 624), (40, 196), (40, 197), (40, 198), (40, 199), (40, 200), (40, 201), (40, 620), (40, 203), (40, 204), (40, 205), (40, 634), (40, 207), (40, 208), (40, 209), (40, 210), (40, 211), (40, 212), (40, 622), (40, 214), (40, 215), (40, 216), (40, 714), (40, 218), (40, 699), (40, 220), (40, 721), (40, 617), (40, 616), (40, 462), (40, 225), (40, 226), (40, 227), (40, 608), (40, 229), (40, 230), (40, 231), (40, 610), (40, 233), (40, 234), (40, 235), (40, 774), (40, 657), (40, 696), (40, 239), (40, 240), (40, 241), (40, 602), (40, 243), (40, 705), (40, 245), (40, 246), (40, 573), (40, 606), (40, 249), (40, 250), (40, 251), (40, 252), (40, 253), (40, 691), (40, 255), (40, 256), (40, 257), (40, 258), (40, 649), (40, 771), (40, 605), (40, 262), (40, 263), (40, 264), (40, 599), (40, 266), (40, 267), (40, 601), (40, 626), (40, 584), (40, 271), (40, 272), (40, 273), (40, 690), (40, 275), (40, 276), (40, 483), (40, 278), (40, 279), (40, 280), (40, 531), (40, 596), (40, 283), (40, 284), (40, 441), (40, 574), (40, 789), (40, 288), (40, 289), (40, 290), (40, 291), (40, 600), (40, 471), (40, 294), (40, 295), (40, 296), (40, 297), (40, 298), (40, 299), (40, 318), (40, 301), (40, 302), (40, 565), (40, 304), (40, 679), (40, 491), (40, 307), (40, 308), (40, 364), (40, 310), (40, 11), (40, 312), (40, 678), (40, 583), (40, 598), (40, 316), (40, 454), (40, 433), (40, 319), (40, 577), (40, 321), (40, 709), (40, 323), (40, 434), (40, 561), (40, 420), (40, 327), (40, 328), (40, 425), (40, 554), (40, 13), (40, 553), (40, 333), (40, 334), (40, 551), (40, 336), (40, 528), (40, 338), (40, 767), (40, 339), (40, 560), (40, 342), (40, 343), (40, 344), (40, 587), (40, 567), (40, 347), (40, 348), (40, 655), (40, 578), (40, 547), (40, 352), (40, 783), (40, 354), (40, 244), (40, 534), (40, 357), (40, 766), (40, 724), (40, 571), (40, 372), (40, 362), (40, 555), (40, 6), (40, 365), (40, 366), (40, 628), (40, 368), (40, 322), (40, 370), (40, 371), (40, 663), (40, 543), (40, 374), (40, 375), (40, 675), (40, 542), (40, 378), (40, 367), (40, 710), (40, 725), (40, 648), (40, 419), (40, 612), (40, 524), (40, 386), (40, 387), (40, 527), (40, 581), (40, 526), (40, 666), (40, 523), (40, 393), (40, 394), (40, 395), (40, 396), (40, 397), (40, 398), (40, 399), (40, 519), (40, 518), (40, 758), (40, 403), (40, 404), (40, 570), (40, 406), (40, 409), (40, 514), (40, 407), (40, 410), (40, 411), (40, 412), (40, 413), (40, 505), (40, 511), (40, 743), (40, 682), (40, 418), (40, 535), (40, 566), (40, 499), (40, 718), (40, 423), (40, 424), (40, 695), (40, 426), (40, 427), (40, 507), (40, 429), (40, 430), (40, 503), (40, 176), (40, 702), (40, 58), (40, 435), (40, 497), (40, 530), (40, 438), (40, 439), (40, 1), (40, 550), (40, 688), (40, 489), (40, 444), (40, 445), (40, 446), (40, 447), (40, 603), (40, 345), (40, 556), (40, 463), (40, 786), (40, 453), (40, 773), (40, 496), (40, 456), (40, 377), (40, 458), (40, 493), (40, 677), (40, 228), (40, 408), (40, 652), (40, 538), (40, 486), (40, 466), (40, 689), (40, 508), (40, 469), (40, 651), (40, 464), (40, 658), (40, 668), (40, 281), (40, 475), (40, 480), (40, 477), (40, 487), (40, 479)]
Residuals
[5.255421050031889e-16, 7.417747507079124e-16, 1.1002917181711195e-15]
40
[0, 790, 563, 730, 764, 5, 785, 7, 8, 763, 10, 784, 761, 738, 746, 712, 16, 17, 18, 19, 20, 21, 22, 23, 24, 25, 26, 27, 28, 29, 30, 788, 32, 33, 34, 35, 36, 37, 38, 39, 40, 41, 42, 43, 44, 775, 502, 47, 48, 732, 50, 51, 52, 53, 54, 55, 56, 57, 654, 59, 60, 61, 62, 63, 64, 65, 66, 67, 68, 69, 70, 638, 72, 744, 671, 75, 76, 77, 78, 79, 728, 81, 82, 83, 84, 85, 86, 87, 670, 629, 90, 91, 92, 93, 94, 95, 96, 97, 98, 99, 100, 106, 102, 103, 104, 105, 389, 753, 108, 109, 110, 111, 112, 113, 114, 115, 116, 117, 118, 119, 120, 121, 122, 123, 124, 125, 126, 625, 128, 727, 130, 131, 132, 133, 134, 135, 136, 137, 772, 139, 140, 141, 142, 143, 144, 145, 700, 147, 148, 731, 150, 238, 152, 153, 154, 155, 647, 157, 158, 674, 219, 161, 162, 163, 665, 646, 166, 484, 590, 169, 645, 171, 643, 644, 637, 623, 635, 177, 178, 179, 180, 706, 182, 183, 653, 185, 376, 187, 673, 189, 190, 191, 192, 193, 194, 624, 196, 197, 198, 199, 200, 201, 620, 203, 204, 205, 634, 207, 208, 209, 210, 211, 212, 622, 214, 215, 216, 714, 218, 699, 220, 721, 617, 616, 462, 225, 226, 227, 608, 229, 230, 231, 610, 233, 234, 235, 774, 657, 696, 239, 240, 241, 602, 243, 705, 245, 246, 573, 606, 249, 250, 251, 252, 253, 691, 255, 256, 257, 258, 649, 771, 605, 262, 263, 264, 599, 266, 267, 601, 626, 584, 271, 272, 273, 690, 275, 276, 483, 278, 279, 280, 531, 596, 283, 284, 441, 574, 789, 288, 289, 290, 291, 600, 471, 294, 295, 296, 297, 298, 299, 318, 301, 302, 565, 304, 679, 491, 307, 308, 364, 310, 11, 312, 678, 583, 598, 316, 454, 433, 319, 577, 321, 709, 323, 434, 561, 420, 327, 328, 425, 554, 13, 553, 333, 334, 551, 336, 528, 338, 767, 339, 560, 342, 343, 344, 587, 567, 347, 348, 655, 578, 547, 352, 783, 354, 244, 534, 357, 766, 724, 571, 372, 362, 555, 6, 365, 366, 628, 368, 322, 370, 371, 663, 543, 374, 375, 675, 542, 378, 367, 710, 725, 648, 419, 612, 524, 386, 387, 527, 581, 526, 666, 523, 393, 394, 395, 396, 397, 398, 399, 519, 518, 758, 403, 404, 570, 406, 409, 514, 407, 410, 411, 412, 413, 505, 511, 743, 682, 418, 535, 566, 499, 718, 423, 424, 695, 426, 427, 507, 429, 430, 503, 176, 702, 58, 435, 497, 530, 438, 439, 1, 550, 688, 489, 444, 445, 446, 447, 603, 345, 556, 463, 786, 453, 773, 496, 456, 377, 458, 493, 677, 228, 408, 652, 538, 486, 466, 689, 508, 469, 651, 464, 658, 668, 281, 475, 480, 477, 487, 479]
Epoch
41
Epoch time
9.184676170349121
Epoch 41, Loss 0.09788068253469343
Epoch
42
Epoch time
9.08216142654419
Epoch 42, Loss 0.09796151790966784
Epoch
43
Epoch time
9.035770654678345
Epoch 43, Loss 0.09649690858263056
Epoch
44
Epoch time
9.045155763626099
Epoch 44, Loss 0.09359199286797472
Epoch
45
Epoch time
9.036714553833008
Epoch 45, Loss 0.09434372899432977
Epoch
46
Epoch time
9.0466787815094
Epoch 46, Loss 0.09680238708174632
Epoch
47
Epoch time
9.109309434890747
Epoch 47, Loss 0.09208302027293636
Epoch
48
Epoch time
9.086970806121826
Epoch 48, Loss 0.08712042416804858
Epoch
49
Epoch time
9.094279289245605
Epoch 49, Loss 0.08724966515263077
Epoch
50
Epoch time
9.057063817977905
Epoch 50, Loss 0.08379592176002916
Epoch
51
Epoch time
9.035568714141846
Epoch 51, Loss 0.08781627459774123
Epoch
52
Epoch time
9.007960796356201
Epoch 52, Loss 0.08528067715795866
Epoch
53
Epoch time
9.01672649383545
Epoch 53, Loss 0.08403554510354297
Epoch
54
Epoch time
9.047210454940796
Epoch 54, Loss 0.08292748286447021
Epoch
55
Epoch time
9.068928241729736
Epoch 55, Loss 0.08510309564415365
Epoch
56
Epoch time
9.031718254089355
Epoch 56, Loss 0.08146126908550892
Epoch
57
Epoch time
9.010940551757812
Epoch 57, Loss 0.08461522743527894
Epoch
58
Epoch time
8.993221759796143
Epoch 58, Loss 0.07765450790475976
Epoch
59
Epoch time
8.981507778167725
Epoch 59, Loss 0.0782023789100155
Epoch
60
Epoch time
960.9135475158691
Epoch 60, Loss 0.07393646226400354
Epoch 60
Selections count 480
Selections(Epoch, batch)
[(60, 0), (60, 816), (60, 563), (60, 730), (60, 798), (60, 5), (60, 788), (60, 7), (60, 8), (60, 815), (60, 10), (60, 810), (60, 761), (60, 738), (60, 792), (60, 805), (60, 745), (60, 17), (60, 18), (60, 19), (60, 20), (60, 21), (60, 22), (60, 23), (60, 24), (60, 25), (60, 26), (60, 27), (60, 28), (60, 29), (60, 30), (60, 812), (60, 32), (60, 33), (60, 34), (60, 35), (60, 36), (60, 37), (60, 38), (60, 39), (60, 40), (60, 41), (60, 42), (60, 43), (60, 44), (60, 775), (60, 146), (60, 47), (60, 48), (60, 732), (60, 50), (60, 51), (60, 763), (60, 53), (60, 54), (60, 55), (60, 56), (60, 57), (60, 654), (60, 59), (60, 356), (60, 61), (60, 62), (60, 63), (60, 64), (60, 65), (60, 66), (60, 67), (60, 68), (60, 69), (60, 70), (60, 726), (60, 72), (60, 744), (60, 671), (60, 75), (60, 76), (60, 751), (60, 78), (60, 79), (60, 728), (60, 81), (60, 82), (60, 83), (60, 520), (60, 784), (60, 86), (60, 87), (60, 670), (60, 629), (60, 90), (60, 91), (60, 92), (60, 93), (60, 94), (60, 95), (60, 96), (60, 679), (60, 98), (60, 99), (60, 100), (60, 736), (60, 102), (60, 103), (60, 104), (60, 105), (60, 389), (60, 753), (60, 108), (60, 109), (60, 110), (60, 111), (60, 652), (60, 113), (60, 114), (60, 115), (60, 116), (60, 117), (60, 118), (60, 119), (60, 120), (60, 121), (60, 122), (60, 759), (60, 124), (60, 125), (60, 800), (60, 625), (60, 733), (60, 727), (60, 130), (60, 131), (60, 132), (60, 133), (60, 134), (60, 135), (60, 136), (60, 137), (60, 619), (60, 139), (60, 140), (60, 141), (60, 142), (60, 143), (60, 144), (60, 145), (60, 700), (60, 147), (60, 148), (60, 731), (60, 716), (60, 238), (60, 152), (60, 153), (60, 154), (60, 155), (60, 647), (60, 157), (60, 158), (60, 674), (60, 219), (60, 161), (60, 162), (60, 163), (60, 665), (60, 646), (60, 166), (60, 484), (60, 590), (60, 169), (60, 645), (60, 171), (60, 643), (60, 644), (60, 637), (60, 623), (60, 635), (60, 177), (60, 178), (60, 179), (60, 180), (60, 706), (60, 182), (60, 183), (60, 4), (60, 185), (60, 803), (60, 187), (60, 673), (60, 189), (60, 190), (60, 809), (60, 192), (60, 193), (60, 457), (60, 624), (60, 196), (60, 197), (60, 198), (60, 199), (60, 200), (60, 201), (60, 620), (60, 203), (60, 204), (60, 205), (60, 634), (60, 207), (60, 208), (60, 209), (60, 210), (60, 781), (60, 212), (60, 622), (60, 214), (60, 215), (60, 313), (60, 714), (60, 541), (60, 723), (60, 220), (60, 721), (60, 617), (60, 616), (60, 324), (60, 225), (60, 226), (60, 227), (60, 608), (60, 229), (60, 474), (60, 231), (60, 610), (60, 233), (60, 234), (60, 235), (60, 774), (60, 657), (60, 448), (60, 239), (60, 240), (60, 712), (60, 408), (60, 243), (60, 705), (60, 245), (60, 246), (60, 573), (60, 606), (60, 309), (60, 250), (60, 251), (60, 252), (60, 253), (60, 691), (60, 796), (60, 256), (60, 257), (60, 258), (60, 175), (60, 771), (60, 605), (60, 262), (60, 263), (60, 213), (60, 599), (60, 266), (60, 267), (60, 601), (60, 626), (60, 584), (60, 271), (60, 272), (60, 273), (60, 222), (60, 275), (60, 276), (60, 764), (60, 278), (60, 279), (60, 668), (60, 531), (60, 596), (60, 283), (60, 284), (60, 441), (60, 574), (60, 806), (60, 288), (60, 289), (60, 290), (60, 291), (60, 600), (60, 471), (60, 403), (60, 295), (60, 296), (60, 297), (60, 298), (60, 381), (60, 341), (60, 301), (60, 302), (60, 565), (60, 304), (60, 468), (60, 491), (60, 307), (60, 308), (60, 364), (60, 310), (60, 422), (60, 687), (60, 678), (60, 583), (60, 598), (60, 778), (60, 159), (60, 384), (60, 319), (60, 577), (60, 321), (60, 516), (60, 323), (60, 434), (60, 561), (60, 305), (60, 327), (60, 328), (60, 425), (60, 554), (60, 13), (60, 553), (60, 333), (60, 334), (60, 551), (60, 336), (60, 528), (60, 338), (60, 767), (60, 676), (60, 560), (60, 342), (60, 343), (60, 344), (60, 587), (60, 567), (60, 347), (60, 348), (60, 655), (60, 578), (60, 547), (60, 352), (60, 73), (60, 354), (60, 244), (60, 534), (60, 357), (60, 766), (60, 724), (60, 571), (60, 372), (60, 362), (60, 555), (60, 813), (60, 365), (60, 366), (60, 628), (60, 368), (60, 322), (60, 370), (60, 371), (60, 663), (60, 543), (60, 374), (60, 375), (60, 675), (60, 542), (60, 378), (60, 607), (60, 710), (60, 725), (60, 648), (60, 419), (60, 612), (60, 524), (60, 386), (60, 387), (60, 527), (60, 581), (60, 526), (60, 666), (60, 523), (60, 393), (60, 394), (60, 383), (60, 569), (60, 397), (60, 398), (60, 399), (60, 519), (60, 518), (60, 758), (60, 591), (60, 404), (60, 570), (60, 406), (60, 409), (60, 514), (60, 662), (60, 410), (60, 411), (60, 412), (60, 413), (60, 337), (60, 511), (60, 743), (60, 173), (60, 418), (60, 535), (60, 566), (60, 499), (60, 718), (60, 423), (60, 424), (60, 695), (60, 426), (60, 427), (60, 507), (60, 429), (60, 430), (60, 503), (60, 176), (60, 702), (60, 31), (60, 435), (60, 497), (60, 530), (60, 438), (60, 439), (60, 1), (60, 550), (60, 692), (60, 489), (60, 444), (60, 445), (60, 614), (60, 447), (60, 603), (60, 506), (60, 556), (60, 463), (60, 786), (60, 453), (60, 773), (60, 496), (60, 456), (60, 377), (60, 458), (60, 493), (60, 677), (60, 228), (60, 804), (60, 557), (60, 538), (60, 486), (60, 466), (60, 689), (60, 508), (60, 469), (60, 651), (60, 464), (60, 658), (60, 9), (60, 281), (60, 475), (60, 480), (60, 477), (60, 487), (60, 719)]
Residuals
[5.255421050031889e-16, 7.417747507079124e-16, 1.1002917181711195e-15, 8.598712953213115e-16]
60
[0, 816, 563, 730, 798, 5, 788, 7, 8, 815, 10, 810, 761, 738, 792, 805, 745, 17, 18, 19, 20, 21, 22, 23, 24, 25, 26, 27, 28, 29, 30, 812, 32, 33, 34, 35, 36, 37, 38, 39, 40, 41, 42, 43, 44, 775, 146, 47, 48, 732, 50, 51, 763, 53, 54, 55, 56, 57, 654, 59, 356, 61, 62, 63, 64, 65, 66, 67, 68, 69, 70, 726, 72, 744, 671, 75, 76, 751, 78, 79, 728, 81, 82, 83, 520, 784, 86, 87, 670, 629, 90, 91, 92, 93, 94, 95, 96, 679, 98, 99, 100, 736, 102, 103, 104, 105, 389, 753, 108, 109, 110, 111, 652, 113, 114, 115, 116, 117, 118, 119, 120, 121, 122, 759, 124, 125, 800, 625, 733, 727, 130, 131, 132, 133, 134, 135, 136, 137, 619, 139, 140, 141, 142, 143, 144, 145, 700, 147, 148, 731, 716, 238, 152, 153, 154, 155, 647, 157, 158, 674, 219, 161, 162, 163, 665, 646, 166, 484, 590, 169, 645, 171, 643, 644, 637, 623, 635, 177, 178, 179, 180, 706, 182, 183, 4, 185, 803, 187, 673, 189, 190, 809, 192, 193, 457, 624, 196, 197, 198, 199, 200, 201, 620, 203, 204, 205, 634, 207, 208, 209, 210, 781, 212, 622, 214, 215, 313, 714, 541, 723, 220, 721, 617, 616, 324, 225, 226, 227, 608, 229, 474, 231, 610, 233, 234, 235, 774, 657, 448, 239, 240, 712, 408, 243, 705, 245, 246, 573, 606, 309, 250, 251, 252, 253, 691, 796, 256, 257, 258, 175, 771, 605, 262, 263, 213, 599, 266, 267, 601, 626, 584, 271, 272, 273, 222, 275, 276, 764, 278, 279, 668, 531, 596, 283, 284, 441, 574, 806, 288, 289, 290, 291, 600, 471, 403, 295, 296, 297, 298, 381, 341, 301, 302, 565, 304, 468, 491, 307, 308, 364, 310, 422, 687, 678, 583, 598, 778, 159, 384, 319, 577, 321, 516, 323, 434, 561, 305, 327, 328, 425, 554, 13, 553, 333, 334, 551, 336, 528, 338, 767, 676, 560, 342, 343, 344, 587, 567, 347, 348, 655, 578, 547, 352, 73, 354, 244, 534, 357, 766, 724, 571, 372, 362, 555, 813, 365, 366, 628, 368, 322, 370, 371, 663, 543, 374, 375, 675, 542, 378, 607, 710, 725, 648, 419, 612, 524, 386, 387, 527, 581, 526, 666, 523, 393, 394, 383, 569, 397, 398, 399, 519, 518, 758, 591, 404, 570, 406, 409, 514, 662, 410, 411, 412, 413, 337, 511, 743, 173, 418, 535, 566, 499, 718, 423, 424, 695, 426, 427, 507, 429, 430, 503, 176, 702, 31, 435, 497, 530, 438, 439, 1, 550, 692, 489, 444, 445, 614, 447, 603, 506, 556, 463, 786, 453, 773, 496, 456, 377, 458, 493, 677, 228, 804, 557, 538, 486, 466, 689, 508, 469, 651, 464, 658, 9, 281, 475, 480, 477, 487, 719]
Epoch
61
Epoch time
9.236972570419312
Epoch 61, Loss 0.07638883486147582
Epoch
62
Epoch time
9.106340646743774
Epoch 62, Loss 0.0796329083332239
Epoch
63
Epoch time
9.039063930511475
Epoch 63, Loss 0.07563747813556498
Epoch
64
Epoch time
9.061655759811401
Epoch 64, Loss 0.07806621410127264
Epoch
65
Epoch time
9.075612306594849
Epoch 65, Loss 0.07586575222985023
Epoch
66
Epoch time
9.529735326766968
Epoch 66, Loss 0.07485824993268277
Epoch
67
Epoch time
9.380659103393555
Epoch 67, Loss 0.0731082178040136
Epoch
68
Epoch time
9.164394617080688
Epoch 68, Loss 0.07342639336508
Epoch
69
Epoch time
9.041529178619385
Epoch 69, Loss 0.07611371154188722
Epoch
70
Epoch time
9.034769296646118
Epoch 70, Loss 0.07596616099860208
Epoch
71
Epoch time
9.487955093383789
Epoch 71, Loss 0.07240442813369251
Epoch
72
Epoch time
9.104930639266968
Epoch 72, Loss 0.06982395254206494
Epoch
73
Epoch time
8.993123054504395
Epoch 73, Loss 0.07029315178255881
Epoch
74
Epoch time
9.009204149246216
Epoch 74, Loss 0.06664382109868408
Epoch
75
Epoch time
9.022557497024536
Epoch 75, Loss 0.07127890875204078
Epoch
76
Epoch time
9.003726720809937
Epoch 76, Loss 0.06893114977205793
Epoch
77
Epoch time
9.016870737075806
Epoch 77, Loss 0.06789717951394171
Epoch
78
Epoch time
9.051883697509766
Epoch 78, Loss 0.06328262188947216
Epoch
79
Epoch time
9.056316137313843
Epoch 79, Loss 0.06550291029060948
Epoch
80
Epoch time
962.5403618812561
Epoch 80, Loss 0.06479177526668839
Epoch 80
Selections count 480
Selections(Epoch, batch)
[(80, 0), (80, 818), (80, 563), (80, 792), (80, 798), (80, 5), (80, 807), (80, 7), (80, 793), (80, 299), (80, 10), (80, 757), (80, 821), (80, 817), (80, 820), (80, 805), (80, 745), (80, 790), (80, 18), (80, 19), (80, 20), (80, 21), (80, 22), (80, 23), (80, 24), (80, 25), (80, 26), (80, 27), (80, 28), (80, 659), (80, 30), (80, 812), (80, 32), (80, 33), (80, 34), (80, 35), (80, 36), (80, 37), (80, 38), (80, 369), (80, 40), (80, 41), (80, 42), (80, 43), (80, 44), (80, 775), (80, 146), (80, 47), (80, 48), (80, 732), (80, 50), (80, 51), (80, 763), (80, 53), (80, 54), (80, 55), (80, 56), (80, 57), (80, 654), (80, 59), (80, 785), (80, 61), (80, 62), (80, 63), (80, 64), (80, 65), (80, 66), (80, 67), (80, 68), (80, 69), (80, 70), (80, 726), (80, 72), (80, 744), (80, 671), (80, 75), (80, 76), (80, 751), (80, 78), (80, 79), (80, 728), (80, 81), (80, 82), (80, 83), (80, 112), (80, 277), (80, 86), (80, 87), (80, 670), (80, 629), (80, 90), (80, 91), (80, 92), (80, 93), (80, 94), (80, 95), (80, 96), (80, 679), (80, 98), (80, 99), (80, 100), (80, 138), (80, 102), (80, 103), (80, 104), (80, 105), (80, 389), (80, 753), (80, 108), (80, 109), (80, 110), (80, 111), (80, 652), (80, 113), (80, 114), (80, 115), (80, 116), (80, 117), (80, 118), (80, 119), (80, 120), (80, 121), (80, 122), (80, 759), (80, 124), (80, 125), (80, 800), (80, 625), (80, 816), (80, 727), (80, 130), (80, 131), (80, 132), (80, 133), (80, 128), (80, 628), (80, 136), (80, 137), (80, 619), (80, 139), (80, 140), (80, 141), (80, 142), (80, 143), (80, 144), (80, 145), (80, 700), (80, 147), (80, 148), (80, 731), (80, 794), (80, 238), (80, 152), (80, 153), (80, 154), (80, 155), (80, 647), (80, 157), (80, 158), (80, 674), (80, 784), (80, 161), (80, 162), (80, 163), (80, 665), (80, 646), (80, 166), (80, 484), (80, 590), (80, 169), (80, 645), (80, 171), (80, 643), (80, 644), (80, 637), (80, 623), (80, 635), (80, 177), (80, 178), (80, 179), (80, 180), (80, 706), (80, 182), (80, 221), (80, 4), (80, 185), (80, 803), (80, 187), (80, 673), (80, 662), (80, 190), (80, 809), (80, 192), (80, 193), (80, 457), (80, 624), (80, 196), (80, 197), (80, 198), (80, 199), (80, 200), (80, 201), (80, 620), (80, 203), (80, 204), (80, 205), (80, 262), (80, 207), (80, 208), (80, 209), (80, 738), (80, 781), (80, 212), (80, 622), (80, 214), (80, 215), (80, 313), (80, 714), (80, 126), (80, 723), (80, 220), (80, 721), (80, 617), (80, 616), (80, 324), (80, 225), (80, 226), (80, 505), (80, 608), (80, 229), (80, 394), (80, 231), (80, 822), (80, 233), (80, 234), (80, 521), (80, 482), (80, 657), (80, 448), (80, 239), (80, 240), (80, 712), (80, 408), (80, 243), (80, 705), (80, 245), (80, 246), (80, 573), (80, 606), (80, 730), (80, 250), (80, 251), (80, 252), (80, 774), (80, 691), (80, 796), (80, 256), (80, 257), (80, 258), (80, 175), (80, 771), (80, 749), (80, 160), (80, 263), (80, 213), (80, 572), (80, 266), (80, 267), (80, 601), (80, 626), (80, 584), (80, 271), (80, 272), (80, 273), (80, 222), (80, 275), (80, 276), (80, 764), (80, 278), (80, 279), (80, 709), (80, 531), (80, 596), (80, 283), (80, 607), (80, 789), (80, 574), (80, 806), (80, 288), (80, 289), (80, 290), (80, 291), (80, 600), (80, 592), (80, 385), (80, 295), (80, 296), (80, 297), (80, 298), (80, 381), (80, 237), (80, 301), (80, 302), (80, 565), (80, 304), (80, 811), (80, 491), (80, 307), (80, 501), (80, 364), (80, 310), (80, 422), (80, 687), (80, 678), (80, 583), (80, 598), (80, 778), (80, 776), (80, 755), (80, 319), (80, 577), (80, 150), (80, 498), (80, 323), (80, 434), (80, 561), (80, 335), (80, 327), (80, 328), (80, 425), (80, 554), (80, 13), (80, 553), (80, 333), (80, 334), (80, 551), (80, 336), (80, 528), (80, 338), (80, 767), (80, 682), (80, 560), (80, 342), (80, 343), (80, 344), (80, 587), (80, 567), (80, 347), (80, 348), (80, 655), (80, 578), (80, 547), (80, 352), (80, 791), (80, 354), (80, 244), (80, 500), (80, 357), (80, 766), (80, 724), (80, 571), (80, 372), (80, 16), (80, 555), (80, 813), (80, 365), (80, 366), (80, 783), (80, 368), (80, 322), (80, 370), (80, 371), (80, 663), (80, 543), (80, 374), (80, 375), (80, 675), (80, 542), (80, 378), (80, 281), (80, 710), (80, 725), (80, 648), (80, 419), (80, 612), (80, 524), (80, 386), (80, 387), (80, 527), (80, 581), (80, 526), (80, 666), (80, 523), (80, 393), (80, 384), (80, 456), (80, 6), (80, 397), (80, 398), (80, 399), (80, 519), (80, 518), (80, 758), (80, 235), (80, 392), (80, 570), (80, 406), (80, 409), (80, 514), (80, 544), (80, 410), (80, 411), (80, 412), (80, 413), (80, 733), (80, 511), (80, 743), (80, 719), (80, 418), (80, 535), (80, 566), (80, 499), (80, 718), (80, 423), (80, 424), (80, 85), (80, 426), (80, 427), (80, 507), (80, 429), (80, 430), (80, 503), (80, 176), (80, 702), (80, 537), (80, 435), (80, 497), (80, 530), (80, 438), (80, 439), (80, 14), (80, 550), (80, 692), (80, 489), (80, 444), (80, 445), (80, 614), (80, 697), (80, 603), (80, 506), (80, 556), (80, 463), (80, 786), (80, 453), (80, 773), (80, 496), (80, 680), (80, 668), (80, 458), (80, 493), (80, 677), (80, 228), (80, 804), (80, 557), (80, 538), (80, 486), (80, 466), (80, 689), (80, 508), (80, 469), (80, 651), (80, 464), (80, 658), (80, 9), (80, 170), (80, 475), (80, 480), (80, 477), (80, 487), (80, 293)]
Residuals
[5.255421050031889e-16, 7.417747507079124e-16, 1.1002917181711195e-15, 8.598712953213115e-16, 1.391378320688771e-15]
80
[0, 818, 563, 792, 798, 5, 807, 7, 793, 299, 10, 757, 821, 817, 820, 805, 745, 790, 18, 19, 20, 21, 22, 23, 24, 25, 26, 27, 28, 659, 30, 812, 32, 33, 34, 35, 36, 37, 38, 369, 40, 41, 42, 43, 44, 775, 146, 47, 48, 732, 50, 51, 763, 53, 54, 55, 56, 57, 654, 59, 785, 61, 62, 63, 64, 65, 66, 67, 68, 69, 70, 726, 72, 744, 671, 75, 76, 751, 78, 79, 728, 81, 82, 83, 112, 277, 86, 87, 670, 629, 90, 91, 92, 93, 94, 95, 96, 679, 98, 99, 100, 138, 102, 103, 104, 105, 389, 753, 108, 109, 110, 111, 652, 113, 114, 115, 116, 117, 118, 119, 120, 121, 122, 759, 124, 125, 800, 625, 816, 727, 130, 131, 132, 133, 128, 628, 136, 137, 619, 139, 140, 141, 142, 143, 144, 145, 700, 147, 148, 731, 794, 238, 152, 153, 154, 155, 647, 157, 158, 674, 784, 161, 162, 163, 665, 646, 166, 484, 590, 169, 645, 171, 643, 644, 637, 623, 635, 177, 178, 179, 180, 706, 182, 221, 4, 185, 803, 187, 673, 662, 190, 809, 192, 193, 457, 624, 196, 197, 198, 199, 200, 201, 620, 203, 204, 205, 262, 207, 208, 209, 738, 781, 212, 622, 214, 215, 313, 714, 126, 723, 220, 721, 617, 616, 324, 225, 226, 505, 608, 229, 394, 231, 822, 233, 234, 521, 482, 657, 448, 239, 240, 712, 408, 243, 705, 245, 246, 573, 606, 730, 250, 251, 252, 774, 691, 796, 256, 257, 258, 175, 771, 749, 160, 263, 213, 572, 266, 267, 601, 626, 584, 271, 272, 273, 222, 275, 276, 764, 278, 279, 709, 531, 596, 283, 607, 789, 574, 806, 288, 289, 290, 291, 600, 592, 385, 295, 296, 297, 298, 381, 237, 301, 302, 565, 304, 811, 491, 307, 501, 364, 310, 422, 687, 678, 583, 598, 778, 776, 755, 319, 577, 150, 498, 323, 434, 561, 335, 327, 328, 425, 554, 13, 553, 333, 334, 551, 336, 528, 338, 767, 682, 560, 342, 343, 344, 587, 567, 347, 348, 655, 578, 547, 352, 791, 354, 244, 500, 357, 766, 724, 571, 372, 16, 555, 813, 365, 366, 783, 368, 322, 370, 371, 663, 543, 374, 375, 675, 542, 378, 281, 710, 725, 648, 419, 612, 524, 386, 387, 527, 581, 526, 666, 523, 393, 384, 456, 6, 397, 398, 399, 519, 518, 758, 235, 392, 570, 406, 409, 514, 544, 410, 411, 412, 413, 733, 511, 743, 719, 418, 535, 566, 499, 718, 423, 424, 85, 426, 427, 507, 429, 430, 503, 176, 702, 537, 435, 497, 530, 438, 439, 14, 550, 692, 489, 444, 445, 614, 697, 603, 506, 556, 463, 786, 453, 773, 496, 680, 668, 458, 493, 677, 228, 804, 557, 538, 486, 466, 689, 508, 469, 651, 464, 658, 9, 170, 475, 480, 477, 487, 293]
Epoch
81
Epoch time
9.16231894493103
Epoch 81, Loss 0.07104852861365847
Epoch
82
Epoch time
9.058534383773804
Epoch 82, Loss 0.06668680183036485
Epoch
83
Epoch time
9.024531602859497
Epoch 83, Loss 0.06849719862953255
Epoch
84
Epoch time
10.564884662628174
Epoch 84, Loss 0.06372706704828791
Epoch
85
Epoch time
9.049446821212769
Epoch 85, Loss 0.06377294365242657
Epoch
86
Epoch time
9.0378258228302
Epoch 86, Loss 0.06558274031262651
Epoch
87
Epoch time
10.383409976959229
Epoch 87, Loss 0.062395448836371846
Epoch
88
Epoch time
9.698683738708496
Epoch 88, Loss 0.061256480461706814
Epoch
89
Epoch time
9.046635627746582
Epoch 89, Loss 0.06567480522820308
Epoch
90
Epoch time
10.418255090713501
Epoch 90, Loss 0.06159134494674314
Epoch
91
Epoch time
9.035572528839111
Epoch 91, Loss 0.0631957616911192
Epoch
92
Epoch time
9.033375263214111
Epoch 92, Loss 0.06698386987843453
Epoch
93
Epoch time
10.596160411834717
Epoch 93, Loss 0.05799183571340109
Epoch
94
Epoch time
9.066249132156372
Epoch 94, Loss 0.06294504839272122
Epoch
95
Epoch time
9.039903163909912
Epoch 95, Loss 0.060114608302149763
Epoch
96
Epoch time
9.040263891220093
Epoch 96, Loss 0.0615881380088831
Epoch
97
Epoch time
10.123769283294678
Epoch 97, Loss 0.0599502393412331
Epoch
98
Epoch time
9.049212217330933
Epoch 98, Loss 0.06239366189386298
Epoch
99
Epoch time
9.103915691375732
Epoch 99, Loss 0.06122002319287276
